x
0.0105690896605113
0.0104036170215812
0.0110144125129179
0.0107557563582976
0.00864643469463224
0.0100104438956562
0.0098661465299828
0.0110759278541661
0.00917722153020573
0.00924630915369162
0.00963098961190775
0.0097684576625487
0.00972474762339908
0.0101514803700938
0.00978878351984538
0.0102340508943097
0.0102159812774068
0.0104431707234828
0.00987222334321981
0.0102237320501936
0.00974873173355906
0.0105474249040244
0.00915263557584209
0.0100487383172565
0.0104022263631632
0.00934577323093298
0.0100111661319264
0.00991614776737255
0.0105412189765106
0.0104768945775598
0.0102910106826383
0.0101244540019855
0.00827796477181408
0.0105562250764723
0.00975642028243716
0.0107987915356714
0.00974991059689481
0.00960547151166699
0.0112786822334711
0.00965283935563194
0.0103846613366133
0.0107251779628001
0.00961107104537843
0.0102338133413623
0.0104338199753258
0.0101117960815859
0.0102249112391947
0.0103990479224773
0.00961453917715867
0.00958267768733793
0.00983735996064093
0.0104065462992459
0.00947567632576837
0.00954557701349779
0.00953442450252447
0.00933204679487993
0.00980664526838222
0.0100508126488567
0.00973233170416848
0.0101911244089439
0.00969829875582605
0.00947441095348706
0.00990576259638603
0.00967501264836628
0.0102935878652205
0.0105566901071189
0.0103704552415764
0.00958152265725103
0.00997435801617956
0.0102618342256041
0.00973790245710763
0.0098795539273099
0.00976900910320906
0.0103069072190863
0.0100743780927519
0.00987968677903039
0.0100266537136683
0.0102743055786408
0.0104959824318456
0.01030448629364
0.00998445964588931
0.0101875451256498
0.010048197450759
0.0102702716408361
0.0100544160749056
0.01027953200494
0.0101025823003531
0.00918742429534526
0.0103928591680519
0.0106523510583195
0.010055805440167
0.00960848125368653
0.00966867624007151
0.00917348344765266
0.00963683168955138
0.00938473386493935
0.00981536127203902
0.00982033872663435
0.00974239382486833
0.0102651243828284
0.0101503392157315
0.0101129507452679
0.00888052489303787
0.00916586546779518
0.009641199132698
0.00959318139883161
0.0101882247460213
0.00986636196012232
0.0100632303161667
0.00966021128076767
0.00948576817880614
0.0093871646475055
0.0103516352888523
0.00966855671678389
0.00935198773762272
0.0108202233009014
0.00995779701258625
0.00935149986465797
0.0113738323362087
0.00908989541869642
0.00992087288142456
0.00983579009816356
0.0105802563660349
0.00950655023108896
0.0107919378991663
0.0110425600551944
0.00915145717723117
0.0106451755579484
0.0101343134948101
0.0104471777641939
0.00981008906055829
0.00997669136987513
0.00976952576378907
0.0100268313655569
0.0101220916564245
0.0100810657899114
0.00990349968219834
0.00990071552436099
0.0100528570990342
0.0102822691765759
0.010189703348832
0.00936778190514721
0.0100805616214608
0.0105410081308017
0.0100412175985565
0.0102175041947546
0.00967808929391619
0.00972048043724031
0.0101392582174235
0.010299378259131
0.00986266835115053
0.0104042176361456
0.0103882098329352
0.00955983123313734
0.0102390200785511
0.00984924315582059
0.00956096960711476
0.010007067582668
0.00975710810509391
0.0103754047744736
0.010029159507376
0.0107282231027754
0.00856890789906637
0.00982998665030372
0.0102763948295938
0.0100838697889221
0.0100430924839918
0.0108641558125477
0.010371467925323
0.0101767041401745
0.00993426306944375
0.0112230185717357
0.00985951630565647
0.0105226611247149
0.00980844310629979
0.0102453845960582
0.0100620320339452
0.00975080371785335
0.0105718525936339
0.00992485571564854
0.00984295414131743
0.00973047355534193
0.0102727796299068
0.0108066802938075
0.0103392248674596
0.00958757694594614
0.009461343376774
0.0111814560675373
0.00957773574877732
0.00982840809419139
0.0103190044311757
0.0102324352911758
0.0104426070158276
0.0112413951242618
0.0100064419913941
0.00997087359209029
0.010549830367842
0.0103148907703327
0.0101500759728618
0.00993912317471497
0.00990000264000811
0.0100957440134163
0.0104432409107123
0.010314430466461
0.00996351084075087
0.0091973355134703
0.00976795867539861
0.0096320589902082
0.00995757243048667
0.00932436772625765
0.0102881394622528
0.00950833920698259
0.0093655842207556
0.00940612027253536
0.0100080745442417
0.00985633001929088
0.0103001976002122
0.0102418830732358
0.00996162876143901
0.0104907775224856
0.00968476884543446
0.00914354434836154
0.00974805426370265
0.0101588293691778
0.01046571169302
0.0100451385788385
0.010485355415558
0.0104957435576084
0.00975975161832666
0.00891575020593453
0.0100021142084788
0.00974022698285935
0.00946366877436657
0.00929808219291302
0.00959165333833564
0.0106211663811059
0.00952324262838361
0.00970662153987414
0.009251480561498
0.00952014215435817
0.00999779245573843
0.0102283254311894
0.0104159393070304
0.0100742640356994
0.00979976723465146
0.0108431588779489
0.00960269815873164
0.0107297827695726
0.0100098531494044
0.00996488427509072
0.010566523957311
0.0102627566643016
0.00983032377758403
0.0111433262469465
0.00975943847084797
0.0109078453646126
0.0104769570668477
0.0101963359349767
0.0101989070371743
0.00933981293009694
0.00995034305990046
0.0100076356961152
0.0102139033779833
0.0101913772512701
0.0101780530087509
0.0100357372733513
0.010302732436453
0.0100103853371156
0.00912144030686836
0.00938863419133381
0.00987595010288061
0.00992455770767475
0.00967925849846196
0.0107278296341084
0.0104357853902465
0.0104075586987826
0.00962796401982342
0.00960781809912354
0.0103117782005821
0.00988989651151516
0.0108996041091469
0.00988920286093327
0.00974555949684223
0.0105679653409105
0.00948444910720357
0.0100522662496361
0.0111876355802219
0.0107284949421378
0.00982552916992047
0.0108331766002371
0.00932519228926137
0.0108834393059192
0.00966022635724454
0.00994496527551213
0.0104231833587663
0.00997700048410661
0.0100577727796447
0.00972732112329458
0.0103007780548359
0.0102352191356258
0.0110468255278024
0.0103387142899847
0.00919547025196862
0.0103466094722639
0.0105599999206096
0.00903381605595402
0.00943678481961203
0.0104096214947612
0.00964639478318269
0.0104421926928327
0.00919291487997924
0.0115494497380614
0.0101868274384114
0.0106772772464978
0.00983120538432595
0.00968522582360284
0.0103134534990476
0.00919730608782373
0.0103219098417911
0.0106190752117053
0.0108398351409696
0.00920559969332686
0.0112287797962323
0.0100621791735734
0.00942799704070732
0.00999299907247259
0.0102705310213613
0.00921448226879711
0.00998555082627217
0.00975254620124627
0.00926772799369349
0.00958976637294426
0.0108854742913976
0.00986722596842995
0.00976006716839045
0.010158873332004
0.00969184741410857
0.00996730198383436
0.0107878749488871
0.00947077413499333
0.0103258272423667
0.00990808039462262
0.00949257557025299
0.00947262155542498
0.00955447130685263
0.0102469487273793
0.00945512194991446
0.0104329969204646
0.00933801868288763
0.00938577296824681
0.01051668841808
0.0100634750478113
0.0102204345984115
0.0100911578314556
0.0101143377387405
0.0110337894651099
0.00935911485759767
0.00953439042044469
0.00967136383848242
0.00965237679304344
0.0102102565726498
0.0104230425469947
0.00982932659792706
0.00913638946929244
0.00984107490704868
0.00942401244732507
0.0097124052417662
0.00987776267123132
0.00978560762720157
0.0101561804173802
0.0100269174861751
0.0100909934668326
0.00949465909088794
0.00992545107226142
0.0098955308609942
0.01038415620724
0.0100361439002235
0.0107549562629854
0.00946240700219048
0.0101791343086287
0.0101171184390547
0.0101385010332752
0.00995364302171266
0.0110227339498271
0.0103526086775963
0.0106774233392751
0.0102791563752179
0.0100119187582233
0.0105647806342628
0.011011754373871
0.00978838463053635
0.0100478599796506
0.00959009960370476
0.00963316914401297
0.00999702610636441
0.0105929877022825
0.0103422303646427
0.0110165945990759
0.0106256407330516
0.011339225469808
0.00977397765026307
0.0106404787685052
0.0101121508867679
0.0106837892127806
0.00960401403383698
0.0106068960846207
0.0102969955692732
0.0109125220017241
0.00992343443103094
0.0100410958299881
0.0094863550967859
0.00988064000411178
0.01017965289537
0.00951933912232177
0.0105786514089389
0.0101152268496369
0.0109181769266247
0.0109930536715739
0.0107198409020479
0.0101797810829032
0.0114587860824965
0.0101225027414537
0.0102925102812851
0.00994401470767582
0.00942461066428948
0.0106080518251059
0.00962717233173269
0.0104871483686676
0.0102037041062622
0.00984759428169785
0.0102480458378175
0.00913668641239297
0.0105882279259665
0.00950043150350965
0.0100551068960112
0.0106027036937939
0.00966793269110137
0.0102526264678104
0.00951934671153098
0.0103198664304138
0.0102660242010235
0.0100324547503418
0.00975594023449716
0.00992734864713545
0.00951920635865752
0.0100697497208903
0.0105219967885923
0.010031095091593
0.0105326841201964
0.0101700038586765
0.0101353879076379
0.0107840406907132
0.00944888280592267
0.00974252755847484
0.0106459188133381
0.0111470755899097
0.0105254702232601
0.0101741349144049
0.0105896017670406
0.00984515624372342
0.00994857283344546
0.0100279261603284
0.00955024161964512
0.00942994869282126
0.0100591987511664
0.0101244825446034
0.0103729266663321
0.0114006900210765
0.0100011352656591
0.00970640259959419
0.0103931779525563
0.010183828302334
0.00979400639744559
0.0104860358785811
0.010433761372699
0.0100534975870712
0.00989701687863692
0.00927057458264118
0.00963386903074415
0.0105590863955303
0.0108634370998851
0.00940973964724654
0.0107322217469986
0.0106404891246336
0.00999941947713913
0.0102105195698278
0.0105240490075584
0.00995230331639827
0.00986140663874785
0.00980849536690081
0.0101811870680761
0.0107508022709975
0.0102028713758649
0.00983589914006284
0.0105832247405346
0.0104436204288422
0.0104438445073387
0.0104012005219492
0.0100094782218179
0.00948987835396688
0.0103726285621492
0.0101895933199537
0.00976767421051328
0.00992520971158635
0.0112494693621391
0.0105660508182161
0.0101087972635881
0.0104250167583472
0.0095767271573802
0.00959012179857108
0.0104209908524836
0.00962951484340998
0.0106782465360977
0.00984221221584464
0.0102698308285257
0.010118379640932
0.00968698315037371
0.0103319032677346
0.0105466335064853
0.0109901130082802
0.0101820747783254
0.0101887874450928
0.00988619292728673
0.00892572193700542
0.00965616717937406
0.00980607932126274
0.00983078221400225
0.0102720210201656
0.00944181684588474
0.0103421935890672
0.0104259656060272
0.0102509838004437
0.00966737669737171
0.010493108040209
0.00981448012014954
0.00964786498359915
0.0106453244368924
0.00951355895106357
0.00932402742066659
0.0109310560024965
0.0106754754114727
0.010743565519716
0.00989638656172964
0.00929990588257463
0.00977708883303916
0.00996707905152766
0.00934328908014723
0.00977105447720893
0.0104050620016594
0.00958053394988271
0.0101706482941744
0.009766755513101
0.00990098343767197
0.00973047354653673
0.0104808741795049
0.0108411482152712
0.0102099667742538
0.00948104362370281
0.00938310998797887
0.010325213428354
0.0101250627060556
0.0100328617535231
0.0101933370471429
0.0101386995874438
0.00958791519039733
0.00998195075926051
0.0106760725068997
0.0102232265506632
0.0104899858608406
0.00964203168438808
0.00940446964344505
0.00997033163687167
0.00995540779476716
0.0109173484132925
0.00920623461376307
0.00971263152583227
0.0108480033582422
0.01022396384705
0.0100911520759499
0.00910119463861232
0.010369880177255
0.0101709228936439
0.00988159263116603
0.00994252662631899
0.00985334084016735
0.00946023535799778
0.0103253536665287
0.0100464331055429
0.0104694312898974
0.0100042160901683
0.00941583417166339
0.00995666166200332
0.0105995461940972
0.00991122587859972
0.0103809917902458
0.0107173902949028
0.0103001935688109
0.0101772781407541
0.00985426124940668
0.00989327339353112
0.0101680391470979
0.00980529556222421
0.00981034602875447
0.0112326157671669
0.0113951726589522
0.0103952553414507
0.010091943997046
0.010059228678929
0.0104352716355227
0.00986629371313497
0.00933055904838704
0.0101754405811554
0.0100538254719691
0.0100595356913792
0.0103526852128153
0.0103204797989685
0.0101265678930115
0.0101830476059028
0.00979546678911707
0.00974110610115908
0.0102866273309525
0.00979071943140783
0.00952700707909704
0.0108326676668596
0.00904821844273244
0.0102989931279018
0.010144360080265
0.0103970122081248
0.00983387470197332
0.00998959376705354
0.0104144277559002
0.00921915079125377
0.0101280679685895
0.00999908863897121
0.00982063370926428
0.0104463139790222
0.0103520715336808
0.0107834389686643
0.0101309350792512
0.0104605797879773
0.0110429707390033
0.00950843324554588
0.010012521279173
0.0104577530131788
0.00999965703354628
0.0102650706327781
0.0107917998021237
0.00991087315838357
0.00978316822404111
0.0106122491468589
0.0102025596538422
0.00967646198719457
0.00941444728293522
0.00945107716734088
0.00972720358028113
0.00982052207018285
0.010023082381692
0.011369903215814
0.0105761629953565
0.0100869196432291
0.0101747460885558
0.0102696715198857
0.0098188664773127
0.00945995599168492
0.00943786531016393
0.0103078171146699
0.0105747452421939
0.00994824783933337
0.0102973939388998
0.00994926751687512
0.00928450277388806
0.0106677909357899
0.00990889403131285
0.00998600650300647
0.0100366539259359
0.00978102342502543
0.0100554547983576
0.010225442798112
0.00975192176612396
0.0102430041849112
0.0106664741811063
0.00995096063419254
0.0108775439924169
0.00954755711159915
0.0103560670932959
0.00964392943090322
0.0103383371561563
0.010567363602523
0.00996982315762154
0.0106601130535032
0.00990029959367665
0.00986816565366284
0.0100301570906547
0.00968304096496118
0.0101941846457228
0.0102710996851194
0.0102810359027287
0.00938057664062288
0.0102851014775827
0.00998519394479131
0.00968453634775619
0.0106276169602619
0.0104315239758667
0.0103027504014254
0.0105046498520971
0.0106541633097584
0.00940245199135302
0.0102959085426759
0.00987459335657453
0.0104479942887282
0.0104829859177993
0.00989912334181971
0.0105479798700005
0.0105664370215249
0.0101462499948895
0.0100158808109813
0.00988995359451761
0.0109882645199103
0.00970768272028061
0.0108829666368715
0.00938116812478725
0.0105025083749532
0.0101782454855635
0.0108230314814699
0.00986003726909352
0.00953364518207484
0.0103653622097611
0.00991959401610038
0.0101379250349375
0.0108835142172521
0.0109927573110737
0.0094406525112862
0.0112361138813668
0.00970641568492556
0.00992461422908639
0.00970591771998429
0.00979311215061229
0.0096553818147743
0.0108235043835467
0.00991061438808605
0.0109059438249796
0.00981774376326866
0.00991579186281544
0.0107134984011448
0.00952292059349417
0.0102586483597148
0.0108070495683001
0.0100450589376233
0.0100245307819779
0.009735594395114
0.010616769340096
0.0100164627902548
0.0101644083235125
0.0101614261866284
0.0107582039569449
0.010527721767057
0.0101716696538394
0.0100681487603286
0.010609783990899
0.0103665064998797
0.0103473959299055
0.0105634204314075
0.0101100879362123
0.0104099605328935
0.00998620783578986
0.0105990014667689
0.00923710288677464
0.00985767906650146
0.0104887512954522
0.0105417026197821
0.00982739666775698
0.0102490277738987
0.0107094866771397
0.0100367358540003
0.00996260126159499
0.0100261396511211
0.00992463823513582
0.0101218797913491
0.00983247031429725
0.0106910962822521
0.00994595281653737
0.0102318545032397
0.00948720965078381
0.00971646442497683
0.010474434467759
0.00946321430528855
0.00959762724235286
0.00967435660969787
0.0112999541186039
0.0106581918028756
0.0101077202074147
0.00997309040212775
0.0101916686667097
0.0109122419866914
0.0102579204147697
0.0105136935443547
0.00964033786592293
0.0106279606560458
0.0105765961328279
0.00979621628458784
0.0104362942084552
0.0100671125689235
0.0105096814855048
0.0106278630770453
0.00997811333897134
0.00958294936269668
0.0093001963790032
0.00960706955235139
0.0103566341360725
0.00978183424439549
0.0105855614108412
0.0102734454049105
0.0107446676213544
0.0102631814153199
0.00981360146999366
0.00943955293207016
0.010010565534189
0.00991198208884968
0.00968346946875575
0.0103859323143656
0.0103963961056738
0.00954010582715375
0.0098382912759949
0.00983700267982878
0.00987831971358412
0.00998459550119861
0.0100004482577994
0.00967187257775702
0.009286983476489
0.0100600521056457
0.0098763344099191
0.0101051258798173
0.00995803008274644
0.0101978693099214
0.0102093802145353
0.00971089187143765
0.00910937923567029
0.00968444271340085
0.0101408432579033
0.0103606676679908
0.00927012402506024
0.0103699988456042
0.0104657674678508
0.00993380400275853
0.0102170128533744
0.0103558700279762
0.0106849664096748
0.00995715692319447
0.010539910250062
0.00964369877595852
0.0100925637080943
0.00947224917399007
0.0107893445866321
0.00919674280326666
0.00959002495037891
0.0107153129434929
0.0101095672467543
0.0106950642546253
0.00919899688430111
0.00955531654094646
0.00968715284151746
0.00929482173356466
0.0098962621520657
0.00924002207323495
0.0105640281148079
0.0105846316257858
0.00922008455097511
0.0102056695581752
0.00951524878570848
0.0101013486816063
0.0103033437135844
0.00984709289366963
0.00989010517688971
0.00977172967285694
0.0100093435948675
0.00992549686750738
0.00994982189331731
0.0107376981520409
0.0103610296149836
0.0103998721586248
0.00929482906374306
0.010050601307871
0.0109549926602658
0.0100138949641905
0.0096867605567479
0.00969470015434273
0.0107112195987634
0.0099413083556644
0.0101312771314237
0.0106185713737883
0.0101882288755936
0.00977859354763987
0.00989847652279266
0.0112663366100634
0.0101344514041842
0.0108037314590311
0.00955811671950188
0.0102115807259916
0.0102350342878212
0.00989327778315116
0.00961405293053111
0.00963395323005478
0.00980569513420183
0.0105293509105824
0.0107967089813503
0.010607058474121
0.0108140339420496
0.00973883556739667
0.0105631796600333
0.0102857755605199
0.00962887816621271
0.0109846005712851
0.00984554010938209
0.0104529105805021
0.0108220081586932
0.0100636926083515
0.010784081873388
0.0101994581085447
0.0100347970369255
0.00928192781278762
0.00921044186480124
0.00907733382189458
0.0107362290224793
0.0100980160997322
0.0102503733505383
0.010052180305362
0.00950020677535128
0.00935880046832431
0.0103877403239279
0.0101579402540581
0.00979810133373278
0.0105680290325665
0.010100543085247
0.00980686518940641
0.0103071598032722
0.0103346929875359
0.00988495096722927
0.00987716921117892
0.00987692133213573
0.0104554019909375
0.0103914215837916
0.0105673156138124
0.0102093741725223
0.00929009892827313
0.00944328314447257
0.0100672343845428
0.0100117263425763
0.00941855093267715
0.010371101403659
0.00989472970409429
0.0105389678600229
0.00922063933775437
0.010613442169141
0.00871883447626785
0.0102572349881969
0.0104782045608944
0.0101279816350944
0.0109097393482058
0.0104654784052785
0.010333723884078
0.0104319297427413
0.0106943307552197
0.0107702279676384
0.0099953777792383
0.00998860498457421
0.0103740673460552
0.0104126050578844
0.0100829224249541
0.00947605911978995
0.0100226742247475
0.00979341866234883
0.010159282070074
0.0104475143313176
0.00962567789056997
0.00916822789801918
0.0098832137768228
0.0101234794587469
0.0105083832920779
0.0108865764484841
0.0107128494803637
0.010151460375648
0.0109813729979422
0.00975248728373238
0.00942769991699554
0.0104492094132055
0.0105834639825246
0.00972026799189073
0.00990286980070247
0.0104563009888589
0.010509555806438
0.0108910755654176
0.00979488262151961
0.0107774766991208
0.0105322977291056
0.00874426397003518
0.0102068273378458
0.0100556862157806
0.00991469491385011
0.0105934941263536
0.0104363645265563
