x
6.11933386180648e-13
7.48385598682543e-13
1.0083488864877e-12
1.28914305404587e-12
8.9814483725928e-13
1.03928976806035e-12
6.50098106141005e-13
6.66383170699316e-13
1.09320604956812e-12
7.44195616022272e-13
8.78249670897448e-13
9.00260267239323e-13
8.97694996587011e-13
1.27950050865208e-12
2.1859844953761e-12
1.32351584890563e-12
8.71219123201475e-13
1.54318393237058e-12
5.17018993050977e-13
1.49804749618391e-12
9.81040377935476e-13
1.44466901496049e-12
5.41067667631068e-13
1.57637282124152e-12
9.69591604931227e-13
2.09695844201988e-12
2.27646142443926e-12
1.9631612203614e-12
1.12998600804867e-12
1.18778131376472e-12
1.17179053272148e-12
1.04615702366048e-12
9.87436713257603e-13
1.05703098046563e-12
1.17079063278229e-12
2.15637001508544e-12
2.00957488914878e-12
8.52484005294028e-13
1.05396233306034e-12
1.1787189809102e-12
8.33774134237014e-13
1.28239405324467e-12
8.32895218745537e-13
1.82471474716105e-12
2.9088155018049e-12
1.19833691147748e-12
2.17782870261852e-12
7.16705411949217e-13
9.19141316721263e-13
7.39475586523134e-13
1.88733547049308e-12
1.75448774868899e-12
1.80459736455878e-12
6.05833537842905e-13
1.92834455086825e-12
1.47165188096319e-12
5.26672511072134e-13
9.08569282053251e-13
1.94343490004487e-12
1.56397301293924e-12
1.42270967096444e-12
1.07123455386322e-12
1.24324270487439e-12
2.41960696779723e-12
1.71686377761733e-12
1.55200293507332e-12
1.68959102203763e-12
8.42941609503979e-13
2.81691542835926e-12
7.02799089994688e-13
6.72780662862732e-13
1.11168892094926e-12
2.11039659804672e-12
1.64649822319467e-12
6.06154145713865e-13
6.40595865373213e-13
1.64367613849583e-12
7.62082313299735e-13
1.2857784343116e-12
1.07800218534212e-12
1.3232796298174e-12
1.11456778620328e-12
1.3037530883098e-12
8.32295032086643e-13
1.00099383745528e-12
5.0219308532949e-13
8.87609515728291e-13
2.05848171709129e-12
1.83604687803988e-12
1.05877306856875e-12
1.27355262361461e-12
1.85681813026695e-12
2.06633398191914e-12
9.55428657145947e-13
8.41117348514477e-13
4.34177713108638e-13
4.23000494933358e-13
2.5112094278607e-12
7.29308970435383e-13
1.57673303237809e-12
1.02229351728807e-12
6.11805411491973e-13
1.9859720629406e-12
1.14460490128517e-12
7.22765535882771e-13
6.9709152785939e-13
1.36540568460972e-12
1.61049721787506e-12
1.02568625081543e-12
1.642000339067e-12
7.24105386966872e-13
1.96974355699953e-12
9.88656055279828e-13
5.66607149204278e-13
8.73463683088567e-13
7.65386646960815e-13
2.56242112648678e-12
1.9869540911165e-12
1.21112051885404e-12
7.51271290994501e-13
1.14464299369742e-12
1.49228538749731e-12
1.00173889959684e-12
1.54703907737935e-12
8.45325249237008e-13
1.43251789340206e-12
7.68718066297906e-13
1.74944178873158e-12
8.42202429112728e-13
8.87630180845605e-13
6.9484432962712e-13
1.16052091744218e-12
5.84536969593776e-13
2.1724544709848e-12
9.38200336933763e-13
1.09544661337126e-12
1.51138484561096e-12
1.67846094779094e-12
1.22177988224744e-12
6.88196324202187e-13
1.3367943693542e-12
1.92661664211798e-12
1.2505298757233e-12
6.49279369008245e-13
7.70149767536659e-13
6.59739525797447e-13
6.73821285930906e-13
9.51500792218361e-13
1.08029284060928e-12
7.51136335710877e-13
1.37753499838929e-12
1.03059624365432e-12
9.07249991498039e-13
9.30110539347339e-13
1.39682254480917e-12
8.30865725896569e-13
1.2770703258223e-12
1.11182209320626e-12
2.45284846482814e-12
1.90192399267666e-12
7.83125129421441e-13
1.27460875909842e-12
1.78197082536558e-12
1.13656373156355e-12
8.05364911305009e-13
1.09016040101644e-12
1.22955901154061e-12
8.53051628257615e-13
2.01386989785797e-12
9.09410619913876e-13
1.44907990744272e-12
1.56367703570833e-12
6.84812401260686e-13
1.21388137523179e-12
1.42037087974176e-12
1.23762274326014e-12
1.11827087369368e-12
1.14701808009402e-12
9.37373903513093e-13
9.71419091406669e-13
1.86178762434521e-12
6.64293087495341e-13
5.95529449570511e-13
1.73010025364521e-12
1.84398621143614e-12
1.2757764708976e-12
1.02423337829393e-12
5.44743192900439e-13
1.72204004783e-12
1.47089618171687e-12
8.31480806587627e-13
9.13947963841544e-13
1.0296409499393e-12
6.69244278255775e-13
8.08040805949276e-13
1.10743996683634e-12
5.60792498279047e-13
1.73333498217206e-12
1.57196947252864e-12
1.28755624606183e-12
1.81652025179029e-12
2.23240698965277e-12
1.01035390976106e-12
1.00601107840654e-12
7.70019127693485e-13
1.91690413639241e-12
6.93616987998484e-13
6.6410892925422e-13
9.57617907240259e-13
6.69961547131967e-13
1.50962338493331e-12
9.44776579928414e-13
8.21935011779501e-13
1.26443301729647e-12
8.03537061314384e-13
9.05300686351691e-13
1.44350240601379e-12
2.09096156904798e-12
2.055644987855e-12
1.0470509256316e-12
8.9775913250412e-13
1.05152581175552e-12
7.92034906735271e-13
1.23702833960784e-12
1.13789592253463e-12
5.92171456544569e-13
1.05001423426575e-12
1.54702005974469e-12
1.50557267526273e-12
7.61456758044223e-13
1.77875208060726e-12
1.54960589808773e-12
1.10945837155259e-12
1.51269612820313e-12
7.25620163459161e-13
1.20887015642963e-12
1.55986385497046e-12
9.89880083652588e-13
2.04613157249103e-12
6.21162748581814e-13
9.28314000727125e-13
1.7552004947705e-12
1.39943242947002e-12
5.57622087586501e-13
1.06284237337009e-12
1.46299755463479e-12
1.47561525525294e-12
1.30730752826412e-12
1.10651783024763e-12
7.97981158200869e-13
1.95514909876549e-12
1.11075055268804e-12
1.1076625565771e-12
1.29952664496818e-12
8.99630308617519e-13
8.19943197956311e-13
1.21033610651362e-12
7.64103663056084e-13
3.93629945488746e-13
9.89787593023848e-13
1.68083566577994e-12
1.98163185694615e-12
9.10550844686421e-13
1.12026738371036e-12
9.70760208647227e-13
6.18010603355378e-13
1.66252243841135e-12
1.35523198618585e-12
1.6873215268883e-12
1.90552081321525e-12
6.24860591705433e-13
5.91901087822906e-13
1.08214070301102e-12
1.65791919741098e-12
1.18112309099629e-12
1.84722937762145e-12
8.26404642826814e-13
1.81072161941797e-12
1.04487546225617e-12
6.31318919085915e-13
6.73977143601888e-13
1.19065219029768e-12
1.46986147817765e-12
1.16829086469042e-12
8.50030583140661e-13
1.98593076799276e-12
9.63734509227877e-13
1.43094079840283e-12
1.11828229373584e-12
1.55361843075175e-12
8.18574916257972e-13
9.10211397404312e-13
1.87500095130647e-12
7.71117947548363e-13
1.29244995752027e-12
3.43750883284755e-13
6.89657303297622e-13
1.22217390662077e-12
4.63066134760466e-13
1.22196219721738e-12
9.28191411896216e-13
6.35694511508735e-13
1.61056666513334e-12
6.59676349211875e-13
1.63276930159557e-12
2.12380533350116e-12
7.65502632417902e-13
1.45008067720866e-12
1.95521582403282e-12
1.03227750784809e-12
1.27019815164901e-12
4.28754374431554e-13
7.52843716462495e-13
8.60782678759335e-13
9.3146322267924e-13
1.1565654440332e-12
8.85179752409838e-13
1.34656519528276e-12
1.37873560691438e-12
1.53791598248496e-12
9.14608086857216e-13
1.05027612814146e-12
7.3355508639303e-13
1.22001435715737e-12
2.61806638943178e-12
1.18176284367224e-12
4.98771559762901e-13
1.87696927470132e-12
1.46238717996312e-12
9.44133200059157e-13
7.29523009100278e-13
8.13194827004477e-13
1.22481576598065e-12
1.53208037390737e-12
1.29937185698962e-12
1.0422667919845e-12
5.836931914872e-13
1.37244327992281e-12
1.66732957321944e-12
8.53666167830958e-13
9.91441895954883e-13
1.07018107034291e-12
1.08135676929655e-12
7.26968825658551e-13
7.48832998202593e-13
8.18117861462755e-13
9.55715657408715e-13
1.9141917895521e-12
8.54297000037495e-13
2.03978789912707e-12
8.74671131783108e-13
1.53796033276576e-12
9.88608514255694e-13
1.06877981623605e-12
1.25892619878619e-12
4.85741072559327e-13
1.3376753712437e-12
6.09949544454801e-13
9.88364514214427e-13
1.47453892962211e-12
1.21930730606827e-12
1.29227298221311e-12
1.372615866327e-12
7.80749328798416e-13
1.57061422217172e-12
7.54462396658048e-13
7.48522523552442e-13
8.88263693263542e-13
1.13545111871876e-12
1.3524692087877e-12
1.13874896953906e-12
4.90587188323031e-13
7.65443359699451e-13
1.51815112675957e-12
8.48343191141994e-13
1.39056956025998e-12
1.7409609789339e-12
1.96478122348277e-12
1.05410046793772e-12
1.02831374755977e-12
2.14156790485969e-12
2.14638692618832e-12
1.0455343111351e-12
1.48402943813619e-12
1.40965993672591e-12
7.65761963377309e-13
1.45876481333415e-12
8.34915444815927e-13
8.37670939479819e-13
5.80112678390524e-13
1.30013585343374e-12
1.41101625982815e-12
1.55657672121271e-12
4.41579075670131e-13
1.94996020973946e-12
1.01276031419443e-12
1.09820741221221e-12
2.45881134175295e-12
7.96424430294753e-13
9.77290888192714e-13
1.53179929829824e-12
8.83808271434911e-13
1.38960428508733e-12
1.56976457363788e-12
6.06282801762605e-13
1.31330193881938e-12
1.78092130256581e-12
6.57468859173822e-13
9.14203973903841e-13
6.80168467999423e-13
1.07893527932677e-12
8.01178598492329e-13
1.30655031416031e-12
6.98598412579058e-13
1.52184761275212e-12
1.1074090189569e-12
1.75208829236604e-12
6.91127885610843e-13
9.74326488706147e-13
1.20717821063205e-12
6.39254755941944e-13
8.37098332263678e-13
8.61760436847695e-13
8.19807666676099e-13
1.19231725792821e-12
1.30686902072324e-12
9.78876138198886e-13
9.76416287662333e-13
1.00803070106255e-12
4.58729623143787e-13
1.18008261359394e-12
2.80950810130551e-12
1.85509108676505e-12
9.22647451780261e-13
7.18694541962022e-13
7.69417394429217e-13
9.62699115939244e-13
1.63449500738021e-12
8.11746788559165e-13
1.72991020544638e-12
8.18197957614305e-13
9.9235266469503e-13
8.50057440437261e-13
1.10911538902754e-12
1.52217754666354e-12
1.28372130769794e-12
8.2756428623301e-13
6.95790648680789e-13
1.50312153682319e-12
1.83223866907635e-12
6.71442543021361e-13
1.25588162772987e-12
1.383998624869e-12
1.39341765336877e-12
1.72107992573917e-12
9.10494176414453e-13
5.81368838912188e-13
8.88100095333593e-13
1.50276826207228e-12
4.99284003452368e-13
7.75644945508195e-13
1.57362372843775e-12
2.0510869468006e-12
1.35282171396109e-12
5.17238686493038e-13
6.22389747758146e-13
9.66676187846026e-13
7.55771066695247e-13
1.8632336644794e-12
7.98513270122307e-13
1.98847288987424e-12
5.99165907607636e-13
1.70769929525361e-12
9.99138323616785e-13
6.15151665905001e-13
8.02706739250019e-13
1.89700140236387e-12
1.02316957462643e-12
2.43338762053155e-12
1.28866671563575e-12
5.0754630944458e-13
1.06050714732721e-12
1.30587317025438e-12
1.40140790025277e-12
4.71144649426737e-13
1.47074439286095e-12
5.57018554745025e-13
1.22229925921126e-12
1.21695494065453e-12
6.35209045017095e-13
1.09734394148883e-12
6.56637179465885e-13
1.1078491606857e-12
1.14990483558648e-12
1.89793040538611e-12
1.63894525010883e-12
1.46591927851538e-12
9.85690675637759e-13
9.51716984105878e-13
1.11235410251902e-12
2.88530736628705e-12
1.6909325872695e-12
1.17276919490272e-12
1.16735370595102e-12
1.28037351737765e-12
1.82994041808668e-12
2.07882885264395e-12
8.30727202590024e-13
1.42668730005898e-12
1.59564965575113e-12
1.1282655132833e-12
1.06711558820929e-12
1.37869665400486e-12
9.28829504815912e-13
1.22376153246767e-12
1.89003215475963e-12
9.82537237491892e-13
1.66786028772646e-12
2.18785340541722e-12
1.49234904948352e-12
1.12342266492426e-12
6.67766222360952e-13
1.09335043352987e-12
1.61848541558646e-12
9.15924474845893e-13
9.56797145808217e-13
1.1894828311249e-12
1.53162769248656e-12
1.18075031181698e-12
1.5278760884101e-12
7.7969708059071e-13
1.36251791336704e-12
6.01202554779436e-13
1.10545758788582e-12
1.66443424235759e-12
1.29910250804022e-12
2.45883549487194e-12
1.37894937174646e-12
2.16896225879545e-12
9.64057050152249e-13
1.40947776673198e-12
1.08834454317841e-12
7.60021054582775e-13
1.36402594741646e-12
9.76342955476473e-13
1.72494379134406e-12
1.96790589396839e-12
9.28243201608717e-13
1.48542316083585e-12
1.21239336369721e-12
7.27128796658948e-13
1.8954684434797e-12
8.71615624796971e-13
8.65940221435305e-13
9.82612648850477e-13
6.15693772809683e-13
2.19028276301392e-12
1.05697301143941e-12
1.73778399095446e-12
8.15506638268221e-13
8.38493663553437e-13
1.43010348609351e-12
1.45770301810342e-12
1.80377429267007e-12
1.21541601488117e-12
1.70243752146967e-12
7.15447080307385e-13
1.75814015257335e-12
1.3779401341648e-12
7.08991420964801e-13
1.28913568431758e-12
1.12135468712017e-12
1.18649412184882e-12
2.05107139838498e-12
1.31059809330941e-12
3.90530231218982e-13
9.94493574718291e-13
1.39441395720981e-12
6.42600444531205e-13
7.15118296369521e-13
9.27266770825433e-13
2.38196454383106e-12
1.56489672173836e-12
1.17235369611664e-12
1.06713921073575e-12
1.08446039055245e-12
9.66786113507058e-13
2.13927310367473e-12
7.77367229855216e-13
1.08990230083483e-12
1.06101430720867e-12
1.16665952461964e-12
1.11566170544895e-12
1.22223068040566e-12
1.32687889474599e-12
1.60366881925616e-12
7.25229655864838e-13
1.18717844612365e-12
7.92968120733792e-13
7.00380540662961e-13
1.13304901048874e-12
1.21390745411774e-12
1.10288758665613e-12
9.85112194452552e-13
1.06777598763445e-12
2.15072214829473e-12
7.58794092755665e-13
1.12077369386351e-12
8.64967054435404e-13
6.24993523671121e-13
1.80786981022065e-12
2.36351722973653e-12
9.66571317174353e-13
1.02075985807286e-12
1.22996936891153e-12
6.53241222709282e-13
9.5813123462824e-13
1.7468287747139e-12
1.57325149877965e-12
1.50467530269358e-12
6.92277563639881e-13
1.27259161085122e-12
1.26389054028921e-12
1.55701129006554e-12
9.51859283203619e-13
7.0275497731416e-13
1.07850911278198e-12
1.6187933245465e-12
1.21864337957581e-12
9.92513011700899e-13
1.28310318589264e-12
1.0895754341135e-12
9.70613399807646e-13
7.8759341126142e-13
1.64510310368486e-12
1.11550566182771e-12
4.86201103965863e-13
4.20510187447759e-13
4.88959670367546e-13
2.14403473504549e-12
1.10529929773244e-12
6.93986156765499e-13
7.74547950009966e-13
1.82605780766949e-12
1.20270211798513e-12
1.5181059070646e-12
8.48880254736646e-13
6.45303073093183e-13
6.27789768555859e-13
1.07806845369272e-12
6.16885687964066e-13
1.33071634863671e-12
9.12149596201806e-13
1.43878423981154e-12
9.07345098147845e-13
9.61681242836763e-13
1.05133970645894e-12
6.82636668862242e-13
1.08478080878441e-12
8.31710051744339e-13
2.08817772344455e-12
9.0278889939676e-13
9.28178979881097e-13
1.71088951451481e-12
1.2757541486756e-12
1.02514329612096e-12
1.03185526339788e-12
1.0212520471842e-12
2.25908696522687e-12
2.0691826761782e-12
2.59213158701454e-12
1.70182354879521e-12
1.05924556845004e-12
1.47114441663666e-12
1.44819580278013e-12
1.88904402147734e-12
6.06884338398315e-13
1.19470727734802e-12
1.45114963570442e-12
1.4984918817315e-12
6.23219820380877e-13
9.16373824547234e-13
4.74599186973361e-13
1.46235072697575e-12
1.35256630268532e-12
5.28703039234651e-13
8.61905511318751e-13
1.45818688160597e-12
1.12836535882145e-12
8.15905866611246e-13
6.34883075203719e-13
7.51553963612e-13
7.67450556286776e-13
1.35302176595926e-12
1.25642777858186e-12
1.84378210209262e-12
8.78042149968795e-13
1.37618472536475e-12
1.01076928307462e-12
1.62462373765915e-12
1.22315799233001e-12
1.80424382021201e-12
6.59882280352888e-13
5.52698281295853e-13
5.50806428552422e-13
1.19389408426966e-12
1.36744875551596e-12
1.3268540238134e-12
1.86565550585624e-12
1.63475748280908e-12
1.67861004590555e-12
1.20838863294419e-12
7.38248063283715e-13
1.01936754839767e-12
2.12909753811716e-12
7.39972077477215e-13
1.43159425228762e-12
1.96548927246049e-12
1.04030702285411e-12
1.65828934463499e-12
1.43595402726621e-12
1.10972261191559e-12
1.19953682532756e-12
1.99217076438057e-12
1.01860748013463e-12
1.20065049641974e-12
3.84000089479098e-13
1.02934745467488e-12
6.7403780278672e-13
1.32375024881309e-12
9.14951662029857e-13
1.6971830578715e-12
1.49145960372753e-12
9.55048191065661e-13
1.09895599221554e-12
5.75655014177669e-13
1.70331026577327e-12
1.51525005472559e-12
1.35298966071077e-12
1.83970548602303e-12
6.55814697370208e-13
6.50736064263435e-13
2.21083202273797e-12
1.75427688045996e-12
1.4154041774621e-12
1.02151667243622e-12
1.25073383250004e-12
2.05079213444325e-12
1.1384583951783e-12
7.6821637808594e-13
8.85445373946074e-13
8.59913787882034e-13
8.19475860326721e-13
1.63501306141084e-12
1.52833864272039e-12
1.33565475073926e-12
1.70101370819775e-12
1.41612205857066e-12
7.13688959137987e-13
1.11622173759409e-12
1.56034674203254e-12
1.40447588816912e-12
1.90584747919276e-12
5.93519114316262e-13
1.26552966365036e-12
9.16034907290252e-13
2.21718305451523e-12
6.81909445977651e-13
6.48105258016551e-13
1.20719677366702e-12
1.42042002013591e-12
1.92584896398019e-12
1.18562704349457e-12
1.74161447461481e-12
1.49598015553093e-12
6.84978588664917e-13
5.02450806325518e-13
1.60310806074426e-12
1.04631054431896e-12
9.70875860838416e-13
1.47175041582976e-12
1.75776035638572e-12
5.29055821533031e-13
1.72920250390218e-12
8.58580915762178e-13
1.75276131830677e-12
1.06900255100717e-12
1.6063100568938e-12
8.00508810505782e-13
9.63631444435792e-13
9.88618506141504e-13
2.35192732753335e-12
1.11851786424552e-12
2.1289799379453e-12
1.42402993780836e-12
1.58205586296254e-12
1.78235200702875e-12
8.35331176766954e-13
1.59537071395953e-12
8.97509543397963e-13
1.03375410482068e-12
9.3717430302447e-13
1.06178029039725e-12
1.10721688133147e-12
2.21590644940019e-12
1.92228677954484e-12
9.05181777287418e-13
7.20386486070188e-13
1.45303263711524e-12
1.37500583103579e-12
1.39276850910036e-12
9.80086359459927e-13
7.30503168299167e-13
1.27612118053475e-12
1.62552852464523e-12
8.04560578054862e-13
6.0547203342964e-13
1.86550275860507e-12
8.98075357348089e-13
5.64417420925084e-13
1.67873822046694e-12
1.14321448929991e-12
1.77550064773253e-12
9.67671836535920e-13
1.83011246489474e-12
8.74485668721468e-13
1.04694761671062e-12
1.02365156388751e-12
1.90603671799281e-12
1.10380295326546e-12
1.48756141252484e-12
1.81311441219488e-12
2.21926964094024e-12
9.8345908168899e-13
1.15724449318564e-12
1.0519762897697e-12
6.36136634101563e-13
7.73854883241503e-13
1.49943984973938e-12
1.10085650611039e-12
8.20118872871996e-13
4.46243488513429e-13
8.48746102277349e-13
1.62623283988836e-12
1.08838375231999e-12
1.31191157381654e-12
1.03873966445174e-12
2.12414215658365e-12
8.9205407132588e-13
9.52571416533057e-13
9.75653857406322e-13
2.2427517643883e-12
1.12433965296867e-12
8.99533838565625e-13
1.01730492044258e-12
1.30637429129833e-12
1.05633648535036e-12
8.72850705036068e-13
7.2762659438274e-13
1.11113216805543e-12
1.05395043116485e-12
2.60415599600597e-12
1.37212758924591e-12
8.24432053869689e-13
1.1292915880232e-12
5.79929238633747e-13
1.58691090998725e-12
1.85458057100656e-12
2.04139998352706e-12
8.03769743157271e-13
1.22695899177627e-12
1.70971815177956e-12
1.13809128010946e-12
9.28916605548475e-13
1.38558389582022e-12
9.23645691397169e-13
1.11414605621491e-12
7.30570336302222e-13
1.03151827535648e-12
1.38894999598291e-12
6.4426380942601e-13
6.38558674440919e-13
1.68425375363567e-12
6.35385266760913e-13
7.24342690262098e-13
8.845564885448e-13
1.43606847850078e-12
2.26601716308173e-12
8.29240304933452e-13
9.75868858267825e-13
4.81785655790207e-13
9.30230737646422e-13
1.6389771683092e-12
1.33965421768118e-12
4.07530665877243e-13
6.51201603356957e-13
1.17035994158203e-12
1.40994946556223e-12
1.57956444839298e-12
1.36866318204939e-12
8.27986717003707e-13
1.33833201694153e-12
9.09962924292744e-13
8.54717296531343e-13
8.26574898577406e-13
8.8140119774953e-13
1.92565221101557e-12
2.26323865692751e-12
9.03061772263126e-13
1.90801472101581e-12
4.31461123671963e-13
2.10652542613342e-12
1.2522945302026e-12
8.32916150585002e-13
2.59504344057224e-12
1.17338749314282e-12
9.90045865025952e-13
1.21446361290672e-12
1.45966529307357e-12
1.25661904618329e-12
6.2054187515621e-13
1.68737680287964e-12
1.14052148526252e-12
1.50455871747841e-12
6.18273969310359e-13
5.88485649462021e-13
8.54439544438058e-13
1.04269094689891e-12
8.40963387356826e-13
7.94863721563067e-13
1.5911014804947e-12
2.75937451387209e-12
1.3104065072173e-12
1.62811480620256e-12
4.83240902983847e-13
1.57946067810064e-12
2.04165452702676e-12
7.54917622760764e-13
8.56846050824445e-13
9.41732381270834e-13
1.20933696095618e-12
7.17962555580484e-13
9.22100478520081e-13
9.67662035900008e-13
1.31653674416638e-12
5.18334965559042e-13
1.25456214678589e-12
1.96265934616823e-12
1.37701456375928e-12
5.71839797392071e-13
1.34454307749455e-12
1.12987261411666e-12
2.17073881399802e-12
1.31119986767135e-12
8.56633753334518e-13
1.32711819099496e-12
1.54816655842074e-12
1.18831033906468e-12
7.27197217465696e-13
2.01378273465084e-12
9.68937610726182e-13
9.03898878489394e-13
1.42295437084114e-12
1.21226972559872e-12
1.23398585780103e-12
1.61679603528995e-12
7.52670549047255e-13
1.27970742368308e-12
1.05408345374356e-12
9.4155644991168e-13
1.12985983425484e-12
1.20370229827095e-12
2.02047160737876e-12
1.07817742915288e-12
9.99506926009934e-13
7.66580143224606e-13
1.70592927967505e-12
2.41873819523909e-12
8.0781751714413e-13
1.19946300129148e-12
1.25819693464598e-12
1.96095764727723e-12
1.4601073655751e-12
4.81769921812789e-13
1.4236325246751e-12
8.37072028420775e-13
2.09291347967647e-12
1.50641420249289e-12
6.85059952165717e-13
1.35394659126045e-12
1.24290681535886e-12
1.91625180619821e-12
6.21052005741278e-13
9.66831385191551e-13
1.1545284763084e-12
1.5613569222657e-12
1.08263751062828e-12
1.31283307417251e-12
9.67438462246708e-13
2.11006194766587e-12
