x
0.00976406525951475
0.0096373001886743
0.00976245718304794
0.0102286589196053
0.00949980282732404
0.0101104109662973
0.0102422216111282
0.0103485405018662
0.0106889654256182
0.0099631228804098
0.00945612995629133
0.0101185600633235
0.00959234684696071
0.0104865213865799
0.0102069760363882
0.0101611491792729
0.00987707304027083
0.00992595835650784
0.010152581888985
0.00938233713633636
0.00956859752309119
0.0104258893153094
0.00960457383449481
0.0103414179305842
0.0103352004966802
0.00950491560151131
0.00980531204920054
0.0101970628751335
0.00951341737864699
0.0100471932987795
0.00939501367583176
0.0100642887372837
0.00998231958000707
0.00955896986295441
0.0102448284175914
0.00993154469529076
0.00947369605703448
0.00996614646247778
0.00866529905926491
0.0104889724395159
0.00963836379108703
0.00954439512275454
0.0102407857384531
0.0105044902353891
0.00978043521132605
0.00949728837326287
0.0104268140992671
0.00975317412696458
0.00990191059034165
0.0110490502140533
0.010331289441735
0.0103229969289061
0.00979080825919098
0.00927718325875069
0.00927522423761259
0.0100145245773535
0.0102864388019523
0.00983926053462529
0.00983942710832863
0.00991359352058941
0.0101224471258381
0.0105103915285609
0.0103041595470375
0.0103599292513985
0.00999747130803411
0.00998700664627167
0.0101352569302128
0.00966820406384207
0.00997159218539676
0.00989046417287996
0.0104200109338158
0.00990663966527837
0.00971268258638055
0.0101861334873402
0.00985863743440423
0.00911611527452033
0.0101969538796414
0.00995605688105972
0.00968272764228481
0.0101809040263383
0.00994357980153429
0.0093150998101133
0.00965031939310352
0.0101339287150382
0.0107241839759206
0.010343005918915
0.0104932046034322
0.00932043189891141
0.0098186369692612
0.00962312308926177
0.0101917166947517
0.0103245015539135
0.00935223150886818
0.0104747420703684
0.00976167129923331
0.0101600500036301
0.00988145588886947
0.0099094775624416
0.0101678308245522
0.00979549873306913
0.0101486184566007
0.00982071450371649
0.00988824701442904
0.0101859683635391
0.00966925928611877
0.0111133765436931
0.00969707256600321
0.0103874148017809
0.00936987918798437
0.00946662117531962
0.0103025012911498
0.00949974305873842
0.0098758856048571
0.00972091818416189
0.0102055006379663
0.00938455960894487
0.00957456511752926
0.00987485294761387
0.00964552763195846
0.0101758760243123
0.00995859499452609
0.0104470726470693
0.0102518459405895
0.00997671832288347
0.00984296745167107
0.00995319353153568
0.00965979424224615
0.0106752242051775
0.00986894766509999
0.010336526758633
0.0102432456081202
0.010418652420489
0.00981003468461963
0.00950794095920204
0.0102942934920396
0.00969936875540892
0.0105204834281427
0.00946407256137351
0.00964508299521488
0.00996349230172682
0.0100661879918493
0.00942116642294911
0.00982282330999864
0.00961832045463589
0.00978349703215356
0.00982639920658922
0.00982526768338642
0.0101308066362807
0.00938532813969646
0.00939804857445979
0.0105131113687051
0.00914982357308372
0.00945592190120977
0.010491875567706
0.0100639811878864
0.00903087489196324
0.0101048347852931
0.00983980342279304
0.00970782677097251
0.00974066673092332
0.00967165960552844
0.00954118598167097
0.010103683568293
0.0101954653667117
0.0093871280164726
0.0105899271955085
0.00968466531605332
0.010245604756912
0.0100546632017011
0.00946996517684314
0.0100742860053868
0.0100245448217021
0.00979104237300204
0.00895150707037733
0.00959697969651218
0.00965861902776472
0.0102675903205514
0.00938880568196587
0.00988938331334026
0.00947016036284569
0.00916757098851368
0.00972546809551064
0.0100070899911328
0.0111645927056713
0.00981946439691138
0.0102492658090274
0.00978446786352622
0.00992121477050257
0.0102611580242977
0.00902168911464675
0.0101020036460892
0.0104700342745457
0.010003141727161
0.00949127606422506
0.010036140587842
0.00942209284267555
0.00931500390717037
0.00987915263430622
0.00967489581042018
0.010091927995433
0.00916188121457279
0.00959567871784178
0.00940164821330242
0.00957320619612502
0.0113460013645996
0.00984765880043452
0.0099717211710693
0.0101826953362152
0.00993002743818487
0.00958988402508022
0.00973328209444181
0.00994822840114817
0.010593685485347
0.010278562619379
0.00978246025802433
0.00979708909247654
0.0102897359049361
0.00930871011287412
0.00992234908712267
0.0101754138391042
0.0101619169175631
0.0113280667140751
0.0104842114395501
0.0102537356699759
0.0102511414601416
0.00922223429529623
0.0103265262512994
0.00926234963556797
0.0102538339206644
0.00984080515586982
0.00923914749514838
0.0105606184087908
0.00949257278911285
0.00983816504800017
0.0107184261951605
0.0101227123683044
0.0091336649902176
0.00986575689677753
0.00962765403418953
0.00954975751014299
0.0109838383794215
0.0101866476013929
0.00975646672479813
0.00999797923087596
0.00964652945897188
0.00876109444581373
0.00944430648554963
0.0103214707025552
0.00952799604056571
0.00940569105858653
0.00977941106068804
0.00951606202978125
0.00964396519811298
0.0099512603338824
0.0107490119427879
0.0103063177446875
0.00973530568419349
0.00989669769444149
0.0100195683120321
0.0101736432888617
0.00910062979175924
0.00932071956354272
0.00999203321383428
0.0093539379984433
0.0100861235934387
0.0106103319627539
0.00925677689506572
0.0106923857548436
0.00993123021692841
0.0088520123782784
0.0100286454388038
0.00988028962699206
0.00987910548372791
0.00921694124020491
0.00989904760642039
0.0107654012080069
0.0100810229807144
0.00977298302720005
0.00948162977880778
0.00976663904317819
0.00999541265799597
0.00948960481762208
0.00977610202997325
0.0110048596146409
0.00986048636225826
0.00958467694747071
0.00962245836606613
0.00988293152103979
0.010131547860314
0.0103976948098468
0.00987158243320552
0.010636837821767
0.00990099175506625
0.0102882474919074
0.010032548634871
0.00983249727603699
0.00889977534467017
0.0101674860796733
0.0103371274303042
0.00893530439066095
0.00856439194476165
0.0095179332667349
0.010373202427633
0.009462831191835
0.0102533812484536
0.0106029768896016
0.00967833832186139
0.00962727086987079
0.00996067025961221
0.0104208281019782
0.00935132577708751
0.00995774834100053
0.00973436398042308
0.00920669083287967
0.0102672679022777
0.0103173429470426
0.0103343997748192
0.0097634144444624
0.00983145952750186
0.00989613408643229
0.0100951783177202
0.00926447821289456
0.0099314003029266
0.0100472976995498
0.00986894572382601
0.0102878201171801
0.00977457438911108
0.0103653461768294
0.0102580155632644
0.00976604196033865
0.00978404235598915
0.00986187862941699
0.0102409693587938
0.0092877994715521
0.00886536203846616
0.00987586567663471
0.00976390877721149
0.0103043444967091
0.00987982892908937
0.00884131040924023
0.00981971511312315
0.0102848364087173
0.0103781992390005
0.0100178074529289
0.00904004461493058
0.0102634354028266
0.008941264525807
0.00963050679754475
0.0100029187501711
0.0103495608013125
0.0106967666481648
0.00880696515071001
0.0102424096966865
0.00907364770528936
0.0100878971727564
0.00960922544960438
0.010031063236011
0.00982272503964426
0.0102902124947823
0.00962822863359676
0.0105712297070389
0.010183156881609
0.00977735854674934
0.00981745068673634
0.00937409038806103
0.0103208846282139
0.0099220963209948
0.00978749226892361
0.010351089934753
0.0104837448145753
0.00999529699972853
0.010060175229856
0.00965766544716922
0.00954193432103343
0.00963689731451214
0.00963282887687955
0.00966525578904746
0.00966767045305506
0.0102770556577032
0.00980144029138203
0.0104464648607462
0.00941143956002334
0.0103362510005704
0.00995490531084029
0.00913907156893367
0.0100526356766572
0.00934368353953728
0.0100767093288249
0.00963254545342164
0.0105796063317476
0.00927014377852792
0.0093283422539713
0.0103369686362548
0.00984682185396766
0.00952044679380365
0.0103039114648699
0.0106502628480048
0.00948397280715932
0.00918546817692056
0.00893623629930088
0.00943282722874555
0.00969501498577277
0.010052374167883
0.0105372208105022
0.00994917436706381
0.0101359960107324
0.0111004063098328
0.0108668195055427
0.0100563306832425
0.0098879227024247
0.00887656014239733
0.0101417900254013
0.0101765097394529
0.00953210125454793
0.00953142391632695
0.00985512008804167
0.01058102140704
0.00925907205988777
0.0093096530698555
0.00988625505482714
0.0108708144667854
0.00961146752584569
0.0101990372516035
0.0107112223837929
0.0104580634304618
0.00926803030245572
0.00975613006873868
0.0101223722328667
0.00922359766827625
0.00909336952430178
0.00983058404557973
0.0096678576756801
0.00975275180683151
0.0100472490677958
0.00980397330252654
0.00978834644589223
0.00986322992332565
0.00963726784499179
0.0099388042372028
0.0100557231244131
0.00965712135851301
0.0102062159121417
0.0102318697010196
0.00959460361059847
0.0100454796896478
0.00938413181426362
0.00990074094673681
0.0104145389611962
0.00955423673886327
0.0102003734223796
0.00963201409908274
0.0103890574518483
0.010609541621922
0.0100725190575204
0.00997314577594245
0.00999533655321047
0.00980539584863853
0.00999924373287968
0.0103420969097136
0.00947429437161423
0.00981270589540007
0.0100944269379714
0.00977149683544344
0.00986948555074082
0.0103062949218073
0.0105548315904645
0.00979464242618504
0.0109727479609943
0.00964951417508483
0.0109408642037862
0.0102667330466596
0.0103907020662386
0.00999523847809631
0.01051361843966
0.0103863072848862
0.00977316512577648
0.00963335602800929
0.00991863579654381
0.0104929794472828
0.00956030984192469
0.00962319428872436
0.00997583928412819
0.0099956784016932
0.0103350974132094
0.00990301052316952
0.00961213898852089
0.0105171285730375
0.009734235245443
0.0107414801549715
0.0106597754226755
0.010850684606081
0.0102139228203237
0.00992000906377291
0.00996020783587526
0.00970691394437006
0.010066819490345
0.00972059388374828
0.0102433080500875
0.0102073746521897
0.0100080446525082
0.00954047282805569
0.009879203260163
0.0103787481695459
0.00950227860826794
0.00968904786747504
0.0113374041182896
0.010196002308659
0.00995946133532613
0.00947212741925524
0.0097660848811568
0.00953368990946382
0.00944743858747462
0.00952864989928801
0.0103523633310235
0.0101261436903267
0.0101761817188683
0.00996644045590747
0.0106944773796016
0.00934743694752296
0.00967100454122028
0.00936015589788034
0.00993117162878974
0.010341225574778
0.00994048949340358
0.00964870649373575
0.0106971748240124
0.00862687719409587
0.00984705106927566
0.010185775376921
0.00963971840407871
0.00996492604410526
0.0101644422180327
0.00980199224155876
0.00992492651844324
0.00995833947232095
0.0103039251873098
0.0100445752579134
0.00973509426125728
0.0104231622157945
0.0103033571111279
0.00997645786581372
0.00933702738032932
0.00985492659284511
0.00946791811941276
0.0099125466233025
0.00998544795993608
0.0101223380362081
0.00978797691127139
0.00918074158452419
0.0104682231660356
0.0100658998799276
0.0094286920046815
0.00960759160007996
0.00994649720710617
0.00936187218399657
0.00951366728402187
0.0102863636732208
0.00986823794025867
0.0104125461588882
0.00917267235192307
0.00938797891443392
0.0102963455631179
0.0097929712269918
0.00967327495764219
0.00934035699194729
0.0104998911326199
0.00983089541498673
0.00966298702960902
0.010073583765643
0.00975277513960372
0.0101159323772638
0.0105641695543042
0.0100453935810025
0.00936173440437702
0.00986386914296801
0.00967920211655956
0.00972314475047093
0.0103005345092297
0.0100910076398953
0.00913331603401329
0.0105505700997724
0.0100077075045265
0.00975632747022983
0.00987436702566936
0.010583699749152
0.00988019420631945
0.0097313531889165
0.0093175540553125
0.00935192109392698
0.00899554570449599
0.0106420806025546
0.00944173092822653
0.00965157964248993
0.00968907025975491
0.00989446538965945
0.0100745050350938
0.0104190498670417
0.00946119265430297
0.00993306126441902
0.00984643630537145
0.00873376326934449
0.0103479998622922
0.010310138450707
0.00899580546989035
0.0101336003635707
0.00956778675606151
0.0103689125157714
0.0101883640879861
0.0111611628488197
0.0103526827423601
0.0105371047739397
0.00988862484583124
0.010686195825477
0.00972240728393664
0.0101379458627591
0.00981750391930131
0.0101023053734933
0.00975357924148172
0.00963447157318897
0.00970978220175044
0.00996672752425197
0.0102536550034539
0.0101054576669975
0.00975715893979425
0.00958587613831988
0.00951165927208234
0.0101063726844903
0.00999475823822941
0.0100578399518204
0.00978280318894657
0.00918038751912725
0.00980563857904817
0.00994806593373442
0.0106518888480694
0.0103587437313577
0.00978442977090774
0.0100100774452846
0.00999094710491294
0.0104982498506728
0.00960624208987121
0.00959714231516648
0.010278410441221
0.00941354906183081
0.0102108958121544
0.00955447245565864
0.00917251097268725
0.00941943043262918
0.0101571130687469
0.0108461569205934
0.010031093363059
0.0104076553595134
0.00907544745835941
0.0102166500317092
0.0104400292005691
0.0097489517481201
0.00961496143916366
0.00951244005830003
0.00982647727838695
0.00947275607191405
0.0100585774011606
0.0101729873830006
0.00996509810490316
0.00984806601537349
0.0101998071905138
0.0106167160121422
0.00967183712762556
0.0109238222961954
0.00927488594276183
0.0101206576848764
0.0100676007867062
0.0101853636304309
0.0097497231954437
0.00967662870592131
0.00931309965532453
0.00965941011202613
0.00927353187345473
0.00960936641414417
0.0102068102571836
0.0100916941382857
0.00931660097338554
0.00917761584638106
0.00936448092079283
0.0102634621554193
0.00955368232342304
0.0100828681105674
0.0103140196569721
0.00959283135577362
0.0105294367398608
0.010117441703595
0.00955802573823901
0.0101967372536947
0.0102736926050927
0.00963936279715754
0.00995362627557544
0.0100453364288557
0.00960842015384715
0.0105405568835567
0.0095316903876811
0.00999943058562241
0.00915306714857161
0.00936000845765995
0.00950905057139313
0.0106065803080156
0.0105346258533137
0.00910684890206298
0.0100498901236696
0.0103729415586843
0.00988207185368247
0.0104154216861449
0.0108324349035121
0.0100128568941414
0.0100565381915721
0.0101941754895918
0.0103920510207746
0.00992448400901439
0.00918284383432364
0.00961432062342069
0.0093965106504438
0.00980131766169965
0.00929246234802202
0.00983691661146473
0.0104838089897691
0.010322635578263
0.00998416640142746
0.00966617008868202
0.0102423436191712
0.00924966019783474
0.0103063166534791
0.00967095741254706
0.010256809304347
0.00987319596883784
0.00962317632714832
0.0103646665322289
0.0109264927277195
0.0108182600508435
0.00994582012735236
0.0104490922443688
0.00965642248700596
0.00948752622872944
0.00981673278865371
0.0106190145062911
0.00972219447379966
0.00945806468096654
0.0100399601700665
0.00972416347619942
0.010210830348316
0.0092261170609759
0.00991572951356406
0.0101144861478151
0.00938974763227183
0.00959404456560416
0.01038535119677
0.00956236776533297
0.0104205761335923
0.0094653424267464
0.0102026028219816
0.00937124121647323
0.0108867808632667
0.0103994943269568
0.00930474748350209
0.00913134815849832
0.0100801525895207
0.00960060819553553
0.00995886301817515
0.0105226537496064
0.00984063384827837
0.00959100526290839
0.0108744790821896
0.00951022873958604
0.0096104244471554
0.0100766572474659
0.00937553452440754
0.0103847765972755
0.00953466385619956
0.0096773896197784
0.0103996976871799
0.00992364953266317
0.00936171174726272
0.00951091673370165
0.00948736120129065
0.00985411956647495
0.00960968547095963
0.00935607316895603
0.00997911285901466
0.00937768732578561
0.0101098117224431
0.0102725386158335
0.00947579662332234
0.0101791737477271
0.0101540069000921
0.00890645759304442
0.0105040979552748
0.0100390965389903
0.00947313029159854
0.00957030545279334
0.00989786860865965
0.0093262857306956
0.0101657796867783
0.0100452297660942
0.00948761367568059
0.00970045266454181
0.0105560908560236
0.00999674542716509
0.00988790834181947
0.00930867602316768
0.0101197847506047
0.00938932413204831
0.0104988118581429
0.0102645004360202
0.00937420131042902
0.0102395428610593
0.00891304540941356
0.0107073758754193
0.00962912444690971
0.0103203442959628
0.0103044095100098
0.0105631236343785
0.010271923187806
0.00987106652412885
0.00984701598128571
0.0101909040707
0.0107389776331356
0.00937119046187818
0.00987572422927618
0.00989644318808389
0.00886167654196068
0.0102137787620466
0.0100199154588697
0.00990278376174216
0.0100542694569587
0.0107237592442466
0.0102812858353017
0.00915996395747466
0.00999843738024416
0.0101143748268276
0.0103144258294559
0.00929338496696473
0.00940365452749722
0.010099179084723
0.0107820880384355
0.00864866541386437
0.00964063011628589
0.00969014106151203
0.010163466814187
0.00982034622577107
0.0093870603635536
0.0096482120676561
0.00980189568361009
0.00958419721622659
0.00972489052330905
0.0102718210935637
0.0101287176329732
0.0101534634703993
0.0104308162488511
0.00982190623193788
0.00992540595137649
0.0100914105373929
0.0105649649830233
0.0105106248028297
0.00848291516995594
0.0100886276998594
0.00947843019911452
0.00985705578849834
0.0107591799107858
0.00910867783234492
0.010046019383689
0.00959845950101138
0.00948874665382089
0.0106126822680472
0.00975862584494644
0.00960261314443322
0.0091814286281999
0.0102542386077607
0.00979002702427175
0.0104360816756597
0.00984761993809149
0.0104849437346118
0.0100888406214983
0.00977688541733963
0.00949561620156729
0.0102294326833759
0.0097719649969976
0.00994412802711675
0.0101920071425222
0.0101459991697094
0.0096128727255824
0.00988623965466887
0.00949277953786252
0.00883667776224581
0.00984181105658342
0.00986684055056814
0.0102656981520856
0.00991746506158067
0.00944621346600986
0.00978746297204635
0.00942891251097316
0.0101157047257232
0.00948582788894002
0.0101902744031022
0.00989257163437315
0.00919113684587783
0.0106957576671197
0.0098939971575157
0.00841628435270782
0.00999102084966126
0.0103582361416858
0.00968494826212368
0.00964803955035795
0.0103400608289958
0.0101050054854766
0.00968506799414021
0.00995592052795212
0.00981596928015569
0.00984381180026618
0.00989316237490801
0.00979374826490454
0.0102839973858503
0.00948317907344456
0.0101269558854751
0.0101868632570135
0.00960264073848745
0.00997455713812941
0.00986229359662364
0.00907131318942203
0.0101892376591251
0.0095647325256499
0.0101036295559854
0.0103251187702772
0.0106260417045071
0.0101259930982377
0.0101558063624517
0.0092312258948452
0.0105316074396095
0.00892335808762085
0.0100234965735366
0.00999803134007809
0.00928600099075005
0.00995505047054428
0.0100281990265161
0.00933161047211764
0.00960665028983693
0.00966749699847247
0.0105666416440421
0.00984098077117008
0.00997255713312766
0.00922519968647155
0.00972948857061556
0.00989973773624088
0.0112204424524371
0.0101592060695761
0.0108919071231734
0.0106504888670451
0.0105587872382004
0.00993405023297862
0.0105916156298774
0.0101473369011094
0.0104220852476085
0.0103854837034409
0.00932047697040065
0.0104413999833499
0.00975955106495753
0.0105416779505024
0.0101285439257944
0.00973570292016825
0.00921825304152583
0.011128542812488
0.0106799407968825
0.0097751501706389
0.010150180216631
0.00922104209907678
0.00934057593120377
0.00989192365984762
0.00936400738748979
0.00988994589896764
0.0107406765568482
0.0103623240836702
0.00932918395984628
0.00905510654496945
0.00977480956178952
0.0102737905914365
0.0096471535940297
0.00970626826189669
0.00846783562057116
0.009848276015805
0.009712382991015
0.0103503445858491
0.0111570560802728
0.0105011496427043
0.00982877168098992
0.0100454582542479
0.00975216810355466
0.00989396443545273
0.00984004159910687
0.00968930841636454
0.0102830476430483
0.0102287829142249
0.00983643716001585
0.0103342050107103
0.00971412319267051
0.010355288564149
