x
0.0102353044145444
0.0100986941704085
0.010030101229085
0.00958379040194924
0.00907724794786542
0.0104169669682014
0.00945820264771932
0.0096982261882987
0.00918427560510061
0.00959960045387342
0.00911230674009582
0.0106147425795953
0.00932685079230326
0.00993533711914242
0.00926802445097836
0.0100454814716353
0.0105077779574224
0.00982884004569838
0.00987943518233467
0.010382369508125
0.0106630995879086
0.00940553454234052
0.00918192412635401
0.0104313382960581
0.00924935425115524
0.00982682553545172
0.0105088036795393
0.00961245220823388
0.00992918735840766
0.00906488151872304
0.0102188272751026
0.0100378398015516
0.0101569876524664
0.0106160489423176
0.00973437302869266
0.0100837671807737
0.00954750808999764
0.0102371106646808
0.0105907669527709
0.0114426638560145
0.00961764501166125
0.00989682630807995
0.00924594083471896
0.00918620737229528
0.0106437749768758
0.00963736654212663
0.00927716006460997
0.00995298029425498
0.0104200717733948
0.0101675890582639
0.00986532374632771
0.00977836877088558
0.00964906287019069
0.00954232707450567
0.0104857308755785
0.00902808443254277
0.00992216415473484
0.0101702427015471
0.00974382730948465
0.00967365883775195
0.00997037730001127
0.00934800266798126
0.00971693171121057
0.00988245285923083
0.0106074981775559
0.00957920539169626
0.0098333786248659
0.00999082616579364
0.00967737281480418
0.0102142238366201
0.0100680552525921
0.00906751935868685
0.0100139275317443
0.0100228808931858
0.00987269987748896
0.0101830272364888
0.00929776689247084
0.0101886481218647
0.00932773287017947
0.00957838898848184
0.0103867710444333
0.00914077495180477
0.00993083440649173
0.0102153007344893
0.00970104279191056
0.0107988197025964
0.0094291192402774
0.0100040236207758
0.0097505047454685
0.0105060422446794
0.0101000930442868
0.00963222072064195
0.00951300484406087
0.00932462377018774
0.0102135922340546
0.00908605563847499
0.0103468171956486
0.0100742496136352
0.0104689276722571
0.00991332870064384
0.0101563388967332
0.009711581326379
0.00973475959159414
0.00938526862901889
0.00964433188974291
0.009523273330887
0.0100709255324657
0.0100774207115375
0.00938404550223273
0.0102137824369601
0.01008304626446
0.0100401386444363
0.00984793197768535
0.0104614919330854
0.0102997014344653
0.0110024207293047
0.00967750016682076
0.0103304647579942
0.0104106689135729
0.00943669028369816
0.00959073192198611
0.00904262510924577
0.0101077280160594
0.010850533018615
0.0108045384001019
0.0107073547012786
0.0096634548950157
0.010530480771553
0.00962247229362056
0.0100765403098833
0.0100583232176577
0.00986159812022317
0.00914892572767582
0.00975658790381805
0.00965773484286698
0.00965205172290083
0.00942031026776853
0.010140570899262
0.0107854082118157
0.0102237248379854
0.00955152253086593
0.00882056532951316
0.00986637771100454
0.0096387908626247
0.00961150744609387
0.0104360081537808
0.0102804584364142
0.00922080222080979
0.00999992837554524
0.0104623714457223
0.0101024736209585
0.0100628767942348
0.0105270817077102
0.0103977030234391
0.0098720897016145
0.0104611589850795
0.0102762285255373
0.0102905644578769
0.00975538068152722
0.0105539509594903
0.0106243102020563
0.0102264631926728
0.00959883936206806
0.010013634608525
0.0104899630368787
0.00967902971701387
0.0101901054545988
0.0104608283366818
0.00947749890830895
0.00932507668583965
0.0101239979079523
0.0105344750133835
0.00980726860212091
0.0101992069763332
0.00949287365902961
0.0102418792456574
0.00999248581400749
0.00998793921572529
0.0110963788899737
0.0102548415433808
0.00983576533644473
0.00971435110657276
0.00904629715503993
0.0107250487838161
0.00959419858708415
0.00996351939456668
0.00941440511808957
0.0109710463494889
0.0105035100752252
0.0101302245194284
0.0101411025336834
0.0100177088611671
0.00989497420759041
0.0109707302511846
0.0101368744310604
0.0104834802017763
0.00958920300539792
0.00989031116344197
0.00972147561515168
0.00935931617719643
0.00989411442120378
0.00947130856698152
0.00963884825010583
0.0107471533998807
0.00972767717450007
0.00930795931238879
0.00966241174017838
0.00913390771920517
0.00953045858802084
0.00919057668092506
0.0100864009308907
0.0101413508054913
0.00942011510651604
0.0102843684012159
0.0104536098080732
0.00975768913239962
0.0101285239119404
0.00963553301915885
0.0103609937226253
0.0102133975358034
0.010274827546171
0.0102679387503884
0.00986423803691332
0.00990059232463224
0.0100574184463887
0.0104339299392941
0.0103136454363184
0.00942384632730689
0.0107217610471583
0.00938079367140044
0.0106624626591243
0.00990683424904462
0.00944390554110802
0.00948694998040386
0.00905372818652192
0.0104332373959583
0.00985235365932123
0.00975660101742669
0.0103958907952395
0.00949314236414649
0.00990827937780006
0.0102862157084901
0.0101234214673414
0.00938495043346195
0.0102386491642977
0.00988846499752741
0.00928180169162304
0.0098149067173685
0.00942873805395578
0.00969851075293075
0.00948820044899894
0.0105190324799285
0.00925939006395618
0.010311377902371
0.0105105364102466
0.0100335892882599
0.00944226634838555
0.0103883068987626
0.010529588298952
0.0104230026844635
0.00988703230547452
0.00955698930402804
0.00982284084014506
0.0109180323372448
0.0102342153777679
0.0101191627329834
0.00950771198338196
0.0101767258182548
0.0101113785365377
0.00956328994482
0.0106157028946093
0.00923611192405367
0.0101414278149214
0.00963905884153724
0.00965614130416784
0.00979503995493758
0.00996557665702053
0.0103023726257042
0.0107030589274604
0.0105600955308948
0.00965302438220277
0.0106413163315792
0.0104488969915616
0.00962828510472735
0.00957020575096686
0.0103262514249523
0.0107093547690229
0.00942951313204259
0.0099905398631371
0.00977928090279185
0.00974840428116273
0.0102658934041869
0.00948763457893114
0.00976245828029076
0.00987699286441091
0.0096827760196572
0.010416901286085
0.00987915856331899
0.00957377914715641
0.0098532236450443
0.0106765475882252
0.00962331799405954
0.0090943710402984
0.00984430936340425
0.0100105229860452
0.0096079435193553
0.0101460261123534
0.00921807597053416
0.0107485814251656
0.0101244518450284
0.0102956851920631
0.0112314400466218
0.010379126505793
0.00950238327099553
0.00955279466847681
0.00907421568811841
0.0103765081578548
0.0103326803085259
0.00994343093449205
0.0101078127735817
0.0108398491598408
0.0097608491034554
0.00958722681762068
0.00953511081674153
0.0101509194387881
0.00930746149114799
0.00976068274824274
0.0094290379929729
0.0101355535352751
0.00912891010159791
0.00961902434111539
0.00895475498622927
0.0104739412111581
0.00995847484706652
0.0103799683313768
0.00932064465019653
0.0102858037129531
0.00974881937990463
0.0103191103232511
0.00991031218268368
0.00999413079476347
0.00969500556242331
0.00998416335701467
0.00939444452115688
0.0105083312984959
0.0100144302478822
0.0101013825391089
0.0103184652114611
0.00906380395213932
0.00879153459399623
0.0105379097521207
0.0104423017351151
0.0100577044526062
0.00993092205337699
0.0102510934868376
0.0105063687495777
0.0103947922742491
0.00961666141840587
0.00949126911814216
0.00998256840502282
0.0100596705398565
0.00976190305154887
0.00981277676909408
0.00958245060521686
0.00979041996478393
0.00978463842058752
0.00980337216879557
0.0100112250293695
0.00931641361415574
0.0104311408238658
0.0100020603222923
0.0095592935753732
0.00973573739411195
0.010711181528275
0.00986245015629399
0.0106004142865041
0.00969447207443856
0.00981480778998275
0.00969463117413357
0.00930074940320692
0.0102805659513766
0.0105981438747163
0.010168408605849
0.0100962022408151
0.0103015293003713
0.0103355029220175
0.0103345428606106
0.00987330103625993
0.0104050308032664
0.010763270666448
0.0094150418835297
0.0102853847223502
0.0100879519157087
0.010242673729229
0.00907749210321231
0.00994610278737652
0.00924811083035877
0.0110226536889085
0.00992379974726654
0.0107838538263871
0.00945465958662295
0.00962210885190008
0.00976532828628856
0.00946117414284629
0.0101757413477438
0.0104365310370507
0.0102231414454875
0.0100518217676831
0.00966488805620208
0.0104300504457956
0.00980428276478375
0.00947195418501343
0.011089484641222
0.0104362525025836
0.00995313960395411
0.0105364857462668
0.0102473003612196
0.0102500470633777
0.0108755509508808
0.00950945863229347
0.0107109982806794
0.0100256610355731
0.0104036532048867
0.00979528161524605
0.0102519497303593
0.00998510387500966
0.0103629354605707
0.00978841008626017
0.00993709118829493
0.010784100684867
0.0102283986770513
0.0101466388745726
0.00943180016299065
0.0102897030126141
0.0098557930998289
0.00966446206514858
0.00934727569551804
0.00954244696346816
0.0095438157557396
0.00959295811362552
0.0101799784754375
0.0106423300877759
0.00969800621575788
0.00922762203542479
0.00954852166853825
0.0104540154588476
0.0102237284125086
0.0100089837823931
0.00989157918270682
0.00989937593673115
0.0104539265607654
0.0112633479658671
0.0102886829588126
0.0101851840956483
0.00955937811440312
0.01082625365562
0.00963188892833252
0.00866727715765976
0.010152219789635
0.00957475552141073
0.0102929530351465
0.00987760473106365
0.0105597615432297
0.00947948157038477
0.00987318014261189
0.0101194956823336
0.010335107555711
0.0105457719973073
0.00912161278451864
0.00900986290136323
0.0106188364535779
0.0100122321815394
0.00922855472254962
0.00982850653520284
0.0103519863116558
0.0103731809733147
0.00989197813792087
0.0101007815142154
0.0101531868349078
0.00995939181331381
0.0109160801256942
0.00971238508949084
0.0107104467412078
0.00994086087408396
0.0092417519789074
0.0101325897831768
0.0098150093511139
0.00981013248441894
0.00925336130914297
0.0101185250429847
0.0104730932609141
0.0103483037922694
0.0103853638734261
0.0101717452334884
0.0102474367327479
0.00993908904722067
0.00872653124480368
0.00976340175344955
0.00919366423268967
0.0100787628946492
0.0103167901007597
0.0102376908757528
0.0102193522695842
0.009693403339605
0.00973898356540969
0.00956335041952475
0.0102712010570562
0.00988922994614332
0.00944157700964022
0.00903644942917854
0.010281065697184
0.0101203146080773
0.0100677764838748
0.00967528239660849
0.0106521283904153
0.00994161450474681
0.00944191861943491
0.00978387575763906
0.0100141164509754
0.0102272169553127
0.0100554636902262
0.00992104436912763
0.00937864749457274
0.00944296641996425
0.010356743862001
0.00939754308766545
0.0105083193914668
0.0109941979581095
0.00990043190791451
0.00944994033676018
0.00997238583292389
0.0102085481326226
0.00949359151127325
0.00953583760636709
0.00911768104402772
0.0103200172006099
0.010114928363148
0.0097206930825395
0.0104817630335255
0.010162076539414
0.00985379244122345
0.00966205463378827
0.00979065552690143
0.00983492032531172
0.00957948728283074
0.00993209447531945
0.00967780321144329
0.00994765418515694
0.0103844572890059
0.00986676928195816
0.00941783269578986
0.00951300759935303
0.00993854445020621
0.00953652924811158
0.0101798763431744
0.00992091524232643
0.00981187614068578
0.0105049772973996
0.00998359295108098
0.00939693339213593
0.00979388401383396
0.00940638659958494
0.00995139626635554
0.0101910794482968
0.0093570023080387
0.00958250417255587
0.00957064787839982
0.01047246187129
0.0105000588218897
0.00901030469202773
0.00995487821624249
0.0105996819418733
0.0104819527235487
0.0102690470614642
0.00888427487421257
0.00992100350425845
0.00984180921100533
0.00991816687833559
0.0104035800834973
0.00996626289263436
0.0101104982513384
0.00911002610295471
0.00992416797169009
0.0100294323449525
0.00977153134537113
0.00964422120756019
0.00921374758443266
0.0104708009568683
0.00944186396972114
0.00984154985119274
0.0101177369416431
0.0103708229313402
0.00949407938620114
0.00966014359787144
0.00953392609285521
0.0100399748685386
0.0101947727014441
0.00969482446005527
0.00975949566859179
0.00954253085749809
0.0101979343522428
0.00961473481197387
0.0101976472439769
0.0104999545103223
0.0103935153493792
0.00988264757917726
0.00996590442216172
0.0101452603436287
0.00926678687497326
0.0095420056644406
0.0101501440712291
0.0101229051937894
0.00964876359188101
0.0102615721216411
0.010074033704856
0.00930782951694305
0.00981235710770077
0.01005351549178
0.00991982482412538
0.00977770876629634
0.0114283986811618
0.00921236847946196
0.0093986053207658
0.00966920007375432
0.0103203953061453
0.0107675711753488
0.00985441479993724
0.0098192999799755
0.00964977550556505
0.0100748240707524
0.00916175989207797
0.00923443116913485
0.010320993365106
0.00988988945775398
0.0100998748728479
0.00990226033521549
0.00920098605907021
0.00977036043259391
0.00985333096383203
0.00964780415769261
0.0100728472987788
0.0103269128388675
0.0099329791037637
0.00992510460293731
0.0105090027449342
0.010592081753498
0.0103074243746985
0.00986173766955438
0.00934624407645089
0.00970861732654525
0.0099466783129842
0.0103548079539198
0.00990543594020235
0.0105405931340093
0.0099092978174428
0.0101790141880543
0.00961631683568538
0.0100255086536148
0.0101060098656627
0.0101475956137081
0.0103879100085432
0.0101558006741124
0.0098169212313299
0.010378473982557
0.00949591213778841
0.0101678121197272
0.0102886010480046
0.0096386603497013
0.0101009158479456
0.00965774132910539
0.00951692685790184
0.0104285913479876
0.00990993245857359
0.0102505329555406
0.00924549802121311
0.010261717809814
0.00932117396707707
0.0103333607582177
0.0104764831638127
0.00987783916216928
0.010098979058078
0.00915780409419029
0.0103889569349263
0.00987233521406789
0.0108009955069809
0.0106894901247804
0.00960409682712728
0.0101207798041332
0.0100762671526944
0.0104512324733882
0.0111875417170203
0.0104213466456278
0.00939255064257967
0.0100241647011536
0.0104472671070175
0.010405703184978
0.0100490933144733
0.00933592949952039
0.00927703660565499
0.00963006475065813
0.00898667851630759
0.0101496417962832
0.010011481574804
0.0104008084365621
0.0105940796452106
0.00938499856436643
0.00922233945102683
0.0096761502358268
0.00965761277861734
0.00974711586947105
0.0102640398491729
0.0100741057607532
0.00992338022081566
0.00957339926132727
0.0103275633309809
0.00983787936420415
0.009820856373689
0.00946230230233688
0.0093252039676945
0.00985125194721279
0.00939903030379147
0.00956431176394584
0.0100267254525247
0.0100138067022686
0.0102766709585292
0.00931393587207277
0.0104898665429466
0.00974794960004621
0.00988341494628267
0.0105255246748972
0.0098820694915419
0.00946643150829603
0.0101541488431489
0.00942600201995586
0.0100248076333048
0.0095677673441132
0.00959450647413572
0.00971176879928058
0.0102647351019051
0.0101355560013092
0.010391937776348
0.0101495625094797
0.0100197825563158
0.0105595332291283
0.0103015106748417
0.0103374120904234
0.0102433996137765
0.00995533452614964
0.00996677594407994
0.00982644097547137
0.0099160522416865
0.010285176924271
0.00966387980328308
0.00921236818649682
0.00954555961748646
0.0103542964599018
0.0101640357063979
0.00943028761493288
0.0107042447433897
0.00955800281150694
0.00986751198123787
0.0100833280584794
0.00954546677716228
0.00977993112464278
0.00925411020466366
0.0107415403851296
0.0102067743791457
0.0107563126831166
0.0100070817111541
0.0105908311187228
0.00962806045330942
0.00960226191995841
0.00976170122656853
0.00918427968414186
0.0101351599121676
0.00984365594475559
0.00962785858648258
0.00928459444377777
0.00948798394515222
0.00985865145916841
0.0111570763608516
0.00989142215859054
0.00953179255674435
0.00994373680069194
0.0104437809254151
0.00957126739460283
0.0101317985822062
0.00954342135918841
0.0105295195709397
0.00995604534918399
0.00982386336691744
0.00970633754560073
0.0107604014109799
0.00937583898883151
0.00999312765358255
0.00988355271478385
0.00965577395778591
0.0103665512070609
0.0102189343254738
0.0104001202787655
0.0109052979485775
0.0100089297710164
0.00971094554759178
0.0101358825752123
0.0103698708820346
0.0105715977648496
0.00992936892194816
0.00979769073437875
0.00992998123645991
0.00959757743960101
0.00970026454539394
0.0101606588584471
0.0101246963862398
0.00916841910740812
0.00972911413377171
0.00965104636418082
0.0100389477065207
0.00946293505736566
0.0102303589961635
0.0101369805431195
0.0100140098962489
0.00989776095274071
0.0089986723446344
0.0100596219337738
0.0102777971414532
0.00987049643477145
0.00909172615411068
0.00981537503697638
0.00979392714907255
0.0103373999496535
0.00989550912421098
0.0100124676137364
0.00988429514081493
0.00979362201983575
0.00940451371721654
0.00938863810732598
0.00992321742947587
0.00987201473410451
0.00968959058035247
0.0094084869714815
0.00952214556599064
0.0100226417771387
0.00950879514189378
0.0101779264460725
0.0101627763806397
0.00983805606894642
0.0103713660276154
0.0102936739490692
0.0102445376646237
0.0104476508240398
0.0102520984347601
0.0103260458968389
0.00985308040253373
0.01036507137226
0.0098328167066835
0.0112799161549278
0.00976425184811975
0.00978856249035648
0.0100087605502805
0.0101183101735399
0.00947786158104328
0.0101734978140586
0.00986700607261591
0.00946307994831331
0.00970978285259809
0.00934546976660754
0.0103231608325169
0.0103899114506562
0.00918713946641231
0.0107012795053938
0.010204043445791
0.00911417640335553
0.00986679133425489
0.00976826856964153
0.0101678236018986
0.00924581561579486
0.00981902784906323
0.0101779019105273
0.00966882741932017
0.0100843282452826
0.0101744688983171
0.0100353881331426
0.0102075668671061
0.00981766882779126
0.00979244398658387
0.0100476249237821
0.00944654473566682
0.0104310210876625
0.0100446799709311
0.0105961156805432
0.0103154896990678
0.00981433836013763
0.0105895419006838
0.0103478001600317
0.0103956874143198
0.00982337337380149
0.00957703888949878
0.00988943106280861
0.00992627470334649
0.0101114817920669
0.0106803821638044
0.00997932079660349
0.0103756905864917
0.0106526942711975
0.0100701376837174
0.00983517136472176
0.0096606563685554
0.00947837858295344
0.00961547745681056
0.0102186398878586
0.0100049206445895
0.0109421553054063
0.0103609907207444
0.0096225344697982
0.00955149167012344
0.0092825038986875
0.0104991510143066
0.0100722183297366
0.0101336866326703
0.0101742609827743
0.0103154669661531
0.0100912481571716
0.00976582554380506
0.00974411159786636
0.0102021756003953
0.00871607252780073
0.00973158726126627
0.00913963034615827
0.00942892704434096
0.00911100588266049
0.0101381136224998
0.010490153334946
0.010344603192708
0.00996733498805664
0.00958806484619926
0.00959641873539353
0.00989772700893653
0.00934977188127921
0.0098714410769721
0.00969472966104858
0.0101015647642094
0.00965014157078199
0.0103822762173951
0.00922461820248748
0.00937632790481489
0.00995024921395493
0.0100108355959908
0.00898887878132063
0.00917496337129768
0.00958081876785584
0.00962756626863996
0.0101228469774813
0.00981728388571112
0.0101139820786131
0.010519623521141
0.00960304563198744
0.0102036873311223
0.0110622280214794
0.0100726264545348
0.0101582949551309
0.00971285476847683
0.0106477620719274
0.0103114086499054
0.00913957010469562
0.00933525054206344
0.0102058088435598
0.00972627175813639
0.0102491986091356
0.00960969703244951
0.00974370202714282
0.00983971406562271
0.010023485018033
0.0104061095600638
0.00926200799524944
0.00978407793404554
0.00954740914982986
0.00961332760572519
0.0089696544973385
0.0104965200578549
0.00944695412886429
0.0105711502585888
0.0101484941978788
0.00970717566682975
0.00956984141647426
0.0101360521536474
0.0103022352196855
0.00925484427269754
0.0101735687329305
0.0103290639682596
0.0100871279228366
0.0098653044173371
0.00996017571151567
0.00984173325286635
0.0100817883236152
0.00886963856885783
0.00992011977491019
0.00999536875632242
0.00984436703409865
0.00989141339321328
0.00948201946866388
