x
0.0104130356441118
0.0103738545305045
0.00995887892232605
0.00994837077556684
0.0101584193061824
0.0103054918645324
0.00979265652964725
0.00977557399919083
0.00907725020191683
0.00954129758645473
0.0102686859500695
0.0101552712176127
0.0109236684887029
0.0106218840923037
0.00968413090689719
0.00905424510224203
0.0104767662831598
0.0100451090965907
0.010317437757575
0.00910820235904809
0.00998645680054923
0.00982575017628311
0.0100410038199673
0.00914258088288936
0.00978289899959587
0.0100985790018283
0.00978442132373703
0.00954210059194184
0.0106070271878676
0.0096198188526661
0.00916586550868719
0.0104190266380525
0.0101489599194733
0.0107573654167414
0.010001816676542
0.00979756079036234
0.0100602106296429
0.0100027925027069
0.0100458996920584
0.010615014102137
0.00971802151117783
0.00999956083580836
0.00882068619857731
0.00996293748780561
0.00955545957395324
0.00925581700131347
0.00929347393658819
0.010594249069218
0.00972888104023218
0.0104533443701768
0.00988554122057582
0.00972252121041017
0.00996881690998777
0.0101737046794161
0.00951462267815889
0.0106330537741544
0.00989927401605374
0.00926745334201922
0.0110892447914673
0.0097104348656773
0.00981331280440114
0.00945436288198039
0.00995172866526417
0.0100291599169918
0.00963623358629469
0.0101221176743818
0.0101136177892405
0.0099325619560336
0.0091997672153361
0.00925314957792704
0.00992999100994381
0.0106815077474893
0.0106585675958333
0.0103668893559171
0.0104807201345106
0.00961796817487577
0.00993382445826615
0.00944922881184338
0.0100270759481751
0.00959699992435448
0.0105331081941627
0.00996546058274691
0.00956140893014011
0.00949257937313314
0.00951463273294516
0.0102346240162511
0.00996832756205076
0.00936169922787403
0.0096736932520267
0.0100152813864041
0.00954963087346261
0.0100005513714654
0.00970499521791498
0.00949639734194087
0.0103460678933369
0.00931662493362279
0.0093976575360321
0.00979914285754435
0.0103899973488731
0.0104795619211518
0.0102550914783622
0.00971381636615439
0.0101781948950483
0.0102492254304824
0.00979275642785923
0.00944907386401698
0.00979662343553545
0.00989769943499789
0.00979138958989808
0.00949105770717084
0.00921925971175418
0.0100787972056073
0.0102640773789805
0.0101436291305348
0.010428930534205
0.00940647613819979
0.00979417033027017
0.00992047776133776
0.00929486917446367
0.00914803443530794
0.0100901105667476
0.0102116902459982
0.0104546219796884
0.00954966384335527
0.0103571098094701
0.00970323448190456
0.00968101791143486
0.0114128835929163
0.0101310453222921
0.00985299009802893
0.0102804287183761
0.00978952182404853
0.0101042917535242
0.00965173679395462
0.00982693249000144
0.0100480944953363
0.0097192334041846
0.00911996426671291
0.00963603400655467
0.00977715183472453
0.0101734730791164
0.0102090253319415
0.0101542996198153
0.00922516035347733
0.00994287691110978
0.00921126097845957
0.00988352779414025
0.00919946835163648
0.00992339014966123
0.0098859315265136
0.0097134600867873
0.00894615067266365
0.0101655563597112
0.00968566913683614
0.0100689775407419
0.0097818519907522
0.00990892138190509
0.00986640673054957
0.0092827725348753
0.0103054599903482
0.0106230149317511
0.010405138113254
0.00980761883917739
0.00924486239602786
0.0105689279785639
0.0103864872150644
0.0107645570597038
0.0097162126117592
0.0102184252798318
0.00998380377452333
0.00999016463484008
0.00969101955809277
0.0103021830978465
0.00971332258308586
0.0104066468404086
0.00932169136750291
0.00930422168096436
0.0102818537360833
0.0108705128173262
0.0105596015875004
0.00955211818191416
0.00996456088652192
0.0108054763605933
0.0108660848378856
0.0103014963653125
0.00999345191679478
0.010556576481693
0.010585654522835
0.00996524405658922
0.0102955369538858
0.0100909823645837
0.0100830290631981
0.0097162530492928
0.00981731048900059
0.00980648124591515
0.0095834335354262
0.0101545919742891
0.0105545747399012
0.00991867714118806
0.00975032546080819
0.0100360072337678
0.00966311029828515
0.00907294505356023
0.0100165570316392
0.00933376866942593
0.0100460714672219
0.00907869569976876
0.00991225825054809
0.0106255209573815
0.0103352324696183
0.00957806618403348
0.00977572040937841
0.0109877783449786
0.00961734321084023
0.0102030845919597
0.0108846563853438
0.0101544069147047
0.00991023150367261
0.0103176314289162
0.0104987538385785
0.009654422355401
0.00972496779030439
0.0103626024165487
0.00938881673048508
0.009575066397706
0.0100364406775394
0.00909540817358121
0.010118246626349
0.0099486168008838
0.00968194536579851
0.00941833695872678
0.00996777226095761
0.00989994335566392
0.0100653891228814
0.00945681381498499
0.00948539419515995
0.0104556015498283
0.00954668078077024
0.0101171149594867
0.0100768493645267
0.0097774516528024
0.0101268436409009
0.0105055209919174
0.0102284116819606
0.0103198286103879
0.00915548558606798
0.00984433244616376
0.00957461466080249
0.00951696456734968
0.0108760883781839
0.0102214351149059
0.00957700935109381
0.0100232696119371
0.0096987791370553
0.0104483828061675
0.0100025685904702
0.0097628636993882
0.010140181382055
0.0108910658817649
0.009473226730068
0.00981583485625832
0.00984302484628587
0.00991040504338049
0.010054453672781
0.00927584247795153
0.0102885804988672
0.00989602885672717
0.0093841578203334
0.00958271955829987
0.00986243830983352
0.0101007181508023
0.00979440392267941
0.00992395409789746
0.0103766698476264
0.00930497973176622
0.00954429009379606
0.00998659319779608
0.00988032603028889
0.00984638464332955
0.00952182315483249
0.0103181978390974
0.00889878788124315
0.00949498634829202
0.00978746604339704
0.00933577846705001
0.0110972526141391
0.0103443186527793
0.0102697838467739
0.0092251223559632
0.00947158797453263
0.0100059869255298
0.0104016478366156
0.0102721015842141
0.0102646703632888
0.0102749304429254
0.00920090461308451
0.0105490331488129
0.0100832602542652
0.010184525991335
0.0110638639551813
0.0103618197253914
0.0105579416206588
0.00972283306198478
0.0100193002525157
0.0100041879105588
0.00985992033576129
0.0102315502589491
0.00988575456438022
0.00983380214291541
0.00984732448404125
0.00999711607260209
0.00982608010596105
0.0100072645821714
0.0102129722971039
0.0103549139383557
0.009718816334944
0.00970237645724841
0.0104800873318095
0.0102420683382036
0.0101297225015151
0.00970557201777651
0.0094768762983082
0.00966970560914754
0.00994249767944818
0.00997327440362857
0.0101432560634228
0.0101458952630237
0.0107430006768066
0.00973051139585259
0.00966457431724215
0.0102260058749386
0.0102066571792398
0.00999656713060847
0.0109433216855012
0.0097094729938388
0.0101239090891205
0.00959984214721175
0.0105727215428779
0.00998888342289307
0.00980446101430045
0.00996537883269623
0.00964456732846701
0.0101647943383293
0.0108084399937112
0.00981803671266561
0.0101156113681057
0.0097817382769517
0.0104135885402687
0.0104514190633665
0.0102920834325199
0.0100899775799073
0.00934976744768375
0.0104014570897342
0.00971997102936375
0.0102732967703002
0.010285561289721
0.00999724012656931
0.0104169883309247
0.0109972949177195
0.0106465792911598
0.00983516081455649
0.00952357908028454
0.00920943909182504
0.0100315807126236
0.00898241740444834
0.00966318329192817
0.0104296577843409
0.00928320406102241
0.0100141590232871
0.0095211664649107
0.00977295154228505
0.0110507445350368
0.00973292153033044
0.0094749521537847
0.00982599921325825
0.010572310927243
0.0100338768623295
0.0100054952850216
0.00998952803568637
0.00990421464805718
0.0104798327436856
0.00885424583804432
0.00961555263673012
0.0102598205925914
0.00979322571506568
0.00972070831695284
0.0102610684428142
0.00962949079119488
0.00981525912762189
0.0103362722265538
0.00997932273139887
0.00990829662730989
0.00956160597925627
0.00986031059187458
0.0106940839349649
0.00887868754273176
0.00910156211296966
0.00942570743335818
0.00931017292997779
0.00953882335364785
0.00983197917416203
0.00944737043375849
0.0105286323019826
0.00984062152309305
0.0104683632342664
0.0103747881582532
0.00992715778179082
0.00990417241797913
0.00914662828284904
0.00940451380688514
0.00977271142403475
0.00960033682591993
0.0102421799136416
0.0101301318748149
0.00971031369443282
0.0100177551070545
0.0103001807446303
0.00989291336582391
0.0102283667593362
0.00950952954012874
0.00957109295350259
0.00976289991340949
0.00997659268560586
0.0105390832075895
0.00997168276268052
0.00975314226324224
0.0102151368391451
0.00943346750412406
0.0106440332068683
0.0105302415602289
0.0101934174092478
0.00935320275533302
0.00872522048710369
0.0094170446647788
0.011157148516027
0.00983417212290042
0.00994479453293219
0.00926750228246269
0.0100045022722975
0.0094762578706841
0.0100536511685049
0.0100243540773177
0.00981239817521268
0.00975132336768092
0.00934916730888985
0.00973015872819281
0.00964620853411458
0.00985166539802556
0.0101155798222614
0.011335990421493
0.00979108763160165
0.00902361903945435
0.0105841835563174
0.0109681580420422
0.0102310682442499
0.00995356060425034
0.0101743020361821
0.0102002330935397
0.00932438847974341
0.00998521940393064
0.0107505016924601
0.00903127891952019
0.00950579381894024
0.00906291027094217
0.0112736494830719
0.00971070389458825
0.0101842702294894
0.0103968240186318
0.0102291682280671
0.0105017752320265
0.00908566049897084
0.00898378907236668
0.00987411247394448
0.00958836027147639
0.00968430652005225
0.0109106482446939
0.00997836455594191
0.0106753755884216
0.00991554149454813
0.0103424940034342
0.010193720399018
0.00951938953991584
0.00977463191446417
0.0100553629218757
0.0100369048682797
0.0100943833174384
0.00947873812982842
0.0103614957915811
0.0096086150350777
0.0110562271904329
0.0103142517045656
0.0102863837122778
0.0102404566498513
0.0104628479791489
0.00977231537933427
0.010071605585436
0.0101147047673825
0.0105042482722388
0.0107826728111528
0.010255918457605
0.00941186497945594
0.00993030105135942
0.00976141493153079
0.0106333010880002
0.0101582819234056
0.00984962280326093
0.00949895851346694
0.00972212013160405
0.00947456526833257
0.0110324138975805
0.0101322115439571
0.0106201422430542
0.0104291455601889
0.0102238663974779
0.00944494111287219
0.0102064587216922
0.0105774723327727
0.0100854831599386
0.0100647375719022
0.0102034586929817
0.0100360998806169
0.0109213728565999
0.0101162252000983
0.00983649526046864
0.00995719169532004
0.00959142637087454
0.00952177364805106
0.00970696080202577
0.00966045708139769
0.00924644202554934
0.010493884897076
0.00941932602933664
0.010035539505136
0.0093457897721851
0.00900324196986524
0.00968869012035071
0.00997204634381966
0.0104125997871912
0.00979791912436941
0.00912168565518017
0.0100888909179916
0.00979527006510081
0.0095587190139599
0.00982959641465936
0.0103542413303365
0.00948355156565746
0.0100860052923896
0.00956826258547728
0.00971784515451524
0.00978810317765102
0.00891743326907781
0.0098001805926192
0.0107626489537461
0.00963017159005699
0.00985451134269775
0.0102585981278345
0.0104139666722704
0.00915025309515696
0.00998135375841546
0.0098984359074151
0.0101842367164497
0.00979711685692296
0.00995123603582316
0.0103457972491329
0.00979596032501957
0.00926851884020356
0.00980170663363933
0.00968666870720586
0.00957097375152352
0.0106997882920368
0.00966280826994797
0.0102151506983571
0.0097820889994463
0.0102667578100789
0.0103172065459389
0.0106591849747963
0.00976105876381238
0.0104201633305743
0.00915784681706067
0.0103699269778434
0.0096465911315532
0.010290794970637
0.0103960504472541
0.0101806440806445
0.0104568843540787
0.00967887067942514
0.0100743094358613
0.00972497250410779
0.00954018356415661
0.00963180075435388
0.010550158831874
0.0104606243010337
0.0105315675492529
0.0104052092722985
0.0102336498175143
0.0108327030316307
0.00967338271603802
0.00934753798173864
0.0100141780152934
0.00944185006523697
0.0104508124330398
0.0100139287402416
0.00980729112279903
0.01043205458622
0.00987487295940483
0.0102360526725111
0.00950879411917155
0.0104450738751855
0.0102176436853949
0.0111677297760642
0.0101142529887514
0.00914691302745457
0.00923957465577361
0.00991985534579003
0.0103670412973512
0.0103169879015931
0.0101063304747132
0.00991296248891772
0.009465232062866
0.0100245279861026
0.00949092827407836
0.00948340848449367
0.00933792381754264
0.0102339114263187
0.00986021271034631
0.0102415150832396
0.0102499575119675
0.00957914606888131
0.0109228347295483
0.0106650494666602
0.0103152255486535
0.0102929926121061
0.00911453352655626
0.0100135427035702
0.00985181293593093
0.0109642645805262
0.00944133546288007
0.0100453962366133
0.00979258785105962
0.00957354266994348
0.00966576168288665
0.0102116718010842
0.0109446411311672
0.00952751689002807
0.00940274025033113
0.0101037813348715
0.0107224970438428
0.0102908820084404
0.00902982566725756
0.00966328006662074
0.00949632578540431
0.00971487434291681
0.0100819106779977
0.0100242692503534
0.00952295692753002
0.0101269216837655
0.0102216095783887
0.0101555217239704
0.00981049035281002
0.00952270377406464
0.0108412003884356
0.00943807798096316
0.0105745933939066
0.0100417296197002
0.0108720241520516
0.0105818418268685
0.010484783934091
0.0103065094369158
0.0102305531294665
0.00981493437414188
0.0101170334702557
0.0101999550732238
0.00930146382257919
0.00894125045242033
0.0100091622671776
0.0105202081881764
0.0106066696452732
0.00997904150643716
0.00999492696539765
0.00885262804201338
0.0101186668678787
0.0104746019981175
0.0103074489640901
0.00921942253700007
0.0108901804768655
0.00888837497470599
0.00997011396452353
0.00883158009541745
0.0105541824475583
0.00963387092040039
0.0094913300191169
0.0102135639380159
0.0100830661487343
0.0098952055933747
0.00963124600258416
0.00954965987173016
0.0103481770999368
0.0103685643185776
0.0101278531222785
0.00983307998590243
0.010470335255495
0.00985756092632243
0.0104331551092519
0.0096742444942632
0.0107364090607887
0.0100719555963116
0.0100222081619769
0.00947523307221254
0.00961967834339888
0.0103974423499309
0.0100310089807392
0.010566769116228
0.00978416681571736
0.00984601948856048
0.010098617214556
0.00962521528783188
0.0102888235807299
0.00933164394722521
0.0104829121506866
0.00965090528104292
0.0102292751859728
0.00981611515914347
0.00898975398996683
0.00940856235177371
0.0102080025038867
0.00886985744599341
0.00993064661259271
0.0105334267016883
0.00974394249752874
0.00930125814604584
0.00980580300190245
0.0101890283538976
0.0107618889697106
0.0101089672607781
0.00929299023050232
0.0100719268900568
0.0102348163019399
0.010365179102583
0.0112451183305804
0.00949094709964999
0.0102072394499951
0.0108331165999503
0.00931721972121225
0.00904767149828964
0.0101463189320728
0.0101342985961832
0.010364786297584
0.0104916302790912
0.00963845682334421
0.00973036859162494
0.00959980781401762
0.0100674495728914
0.00990958403118166
0.00940926120092129
0.00997920684909727
0.0100135867255732
0.0105674060407269
0.00939955546556872
0.00973392954407996
0.00972038044186428
0.0089422223532138
0.00927595141670131
0.00953536743385632
0.0109494026875943
0.00993223785155625
0.00991475897724659
0.010899535983474
0.00992978350668382
0.0102243063258847
0.0104512044990378
0.0096677709511609
0.0100002558193758
0.0102358412272016
0.010225289791575
0.00959746743734161
0.0103808099688716
0.0103782523193096
0.01039809546648
0.00975494248875433
0.00938980599758376
0.0100834816842943
0.00950133888010498
0.00991748732185842
0.00957814583984612
0.0103269416457744
0.00916174151036961
0.00949294606696754
0.0108671297337986
0.00955924874383922
0.00905581825401343
0.0090557810489879
0.00921255085465887
0.0098966821625024
0.00996877496903756
0.00981469134079817
0.0103906977861656
0.0102487865536279
0.00959581980852234
0.0101899693144628
0.00984210411532687
0.0102768560743788
0.00933951493608273
0.00997925829804269
0.0105084702959628
0.00970284748107218
0.00963298500600834
0.00992532913312908
0.00944623098484701
0.0101274786659039
0.00944252795029441
0.0101713450660935
0.0112877793795555
0.00999967133247686
0.0107972159265998
0.0104143677509402
0.010074341070787
0.0106866523509076
0.00982456291077314
0.00994114254359225
0.0101659069929062
0.00953814485262952
0.0101877172220859
0.00992135472328858
0.0105718527428871
0.00905909203717962
0.0101918729937278
0.0102945138366578
0.00998908487591483
0.0103818088308731
0.00966608437765824
0.00989775432391267
0.00946171846044834
0.0102699313770429
0.0106878110008184
0.00955721506269119
0.00991686112803604
0.00965377599823933
0.0102836344874395
0.00999408457969155
0.00959398037699516
0.00985694849550187
0.00917594514751211
0.0105721761044607
0.0101808718464552
0.0111628708105522
0.0101053660649934
0.00979374186205089
0.0091916158529599
0.00948588074443563
0.00958071341884049
0.0102986040184289
0.0102397235587032
0.00947681526859889
0.00977997113609952
0.00939175708150979
0.00954344617027115
0.0103793918400048
0.00988984608385267
0.00987146525075117
0.0100895140337918
0.00951637079804636
0.0103439781589109
0.00990373518392079
0.00964484532960215
0.00982660930493004
0.00970482396941422
0.0089782268565499
0.00963180423934367
0.010168089735651
0.00999863288186039
0.0104501036671865
0.0101225983300861
0.0102229962455369
0.00915503787519116
0.00959385281380257
0.00979129365095494
0.0100253882512814
0.0103134285357286
0.00970889742028146
0.00967186746530389
0.0102971665522207
0.0100147462194481
0.0100130397086042
0.0101546487634242
0.00966904979405316
0.00962050734204882
0.00996012101522574
0.0102431200791087
0.00974691412049574
0.0103302777089328
0.00986316251164232
0.00940932479449401
0.0105968381836694
0.010506499159218
0.00978149113897571
0.00955719482127714
0.00986602413801611
0.009896735896844
0.00970319990789749
0.0105591911054468
0.00901271109159296
0.0097376467773566
0.00933772282016149
0.00960034389305424
0.010269805338053
0.0100929587772839
0.0103149086579732
0.00960112887913635
0.00938695519697912
0.0101039335835868
0.00992202313649836
0.0110696363014603
0.00975490332801398
0.00950673320637905
0.00967879732518405
0.0100648326156536
0.00999362070950205
0.00967345009225858
0.00976097030826607
0.00996494032841133
0.010096032200034
0.00912334014429152
0.00949998438346884
0.00985139670646093
0.00970661645860331
0.00880106832330905
0.0106985483546962
0.00966437654776529
0.00964890783733417
0.0100970518292607
0.0100553982729832
0.00971097557349691
0.00978642273644514
0.00948556230110531
0.0109655587716949
0.0100827487137414
0.00991820656112711
0.01081977260046
0.00990659315434808
0.00996939167731743
0.0102280607706446
0.0106064828373631
0.00977407663201228
0.00993903938895323
0.00901091738914086
0.00947821340444419
0.0101392150991957
0.00997321671018088
0.00936404938706757
0.00951495108757336
0.0105529403266306
0.0102463735926679
0.00920948345862934
0.00958506442485795
0.0103523793520401
0.00984550491262905
0.00967859425798503
0.0104864374236711
0.0100056605563878
0.0102287572927891
0.00915809390491397
0.0101988116010272
0.0102640651672002
0.0105075885012111
0.0101880581576392
0.0100115456318212
0.00977525302380925
0.0102133178574699
0.00924282838917347
0.0102561361936959
0.00931342327873601
0.0099843562853936
0.00945140809298646
0.010409595504198
0.00940229708878414
0.00978168061501656
0.010051198807394
0.00967288521298425
0.0106624977073117
0.0099847120265802
0.0099379900974356
0.0096643028698816
0.00990018743142316
0.0102658009977673
0.0102301644934397
0.0101955732601942
0.0102371725593108
0.0094278654455841
0.00990948943474015
0.0101848510940993
0.0102017848021805
0.00994149939957106
0.0100559386287239
0.00904294551101209
0.0103399372827207
0.0093115578905986
0.00973480064130046
0.00964904921324416
0.00888320285705375
0.0095587336628482
