x
0.00988878182185311
0.0100207673188282
0.0102832554295468
0.00937444091376557
0.0091878095973184
0.00958931713764406
0.0101817500918459
0.0101513808784995
0.0105321108072887
0.00999340042899423
0.0101960029127957
0.0107667617798533
0.00904254763587261
0.0101894022612406
0.00944067044665638
0.00939863096474062
0.00962263933039202
0.0097466650343719
0.0103095356314897
0.00879372036587171
0.00894346329797823
0.0101269593937279
0.00923023568767001
0.00906294542211301
0.0101755587385551
0.0105064506094785
0.00991265824551368
0.0107139323929427
0.00969876459359472
0.0101021603958242
0.00972085275781408
0.00971655778969135
0.010146864510778
0.00920106658607369
0.00956984042659267
0.00992451529351301
0.00963943957264902
0.0104939373934452
0.00900340927441875
0.0102713414046019
0.0094465178572063
0.00941621491373284
0.0098774762714817
0.0094599975494521
0.0094146609677735
0.00923482052745845
0.0103841525933948
0.0099019949099588
0.00966902194358829
0.00989703309893384
0.0102718870233297
0.0103369363358983
0.00971653287967057
0.00896921841565202
0.0097258323211222
0.00945513406122561
0.00938807315172254
0.00953211483894814
0.00942016669853627
0.00934522818013116
0.0102790406186754
0.0104834703556664
0.0100464208895037
0.00993049204577315
0.0105815115116677
0.00994586962992312
0.00934933291209209
0.00972431240897076
0.0103522762423746
0.00962848249720769
0.00949841400751591
0.00977535350294056
0.00907326190079492
0.0097725551635531
0.00964180737060271
0.00942869563765955
0.0109811158789042
0.0102527917384976
0.010318231704201
0.0097352422852103
0.0096982001768186
0.00998879311211203
0.0101594678889354
0.00995983764695412
0.0101446046614442
0.00927160462832322
0.0103831457343853
0.00880943969358827
0.0100253500281627
0.00915466501363308
0.0100103678831476
0.00960068751086674
0.00959960250468386
0.0110840578045071
0.0102820078158081
0.0101036104521727
0.0100202416263418
0.0100919858382135
0.00953684747886298
0.0102342870863328
0.0102592867277716
0.00968538044133564
0.00963990925003239
0.0101319821761477
0.0103722616579772
0.0101142822578625
0.00946516158678623
0.0107455115301587
0.00919358877065792
0.00988267634325023
0.00950760494104405
0.0098879157288887
0.00974189964673722
0.00976698850103906
0.00931501371473992
0.00943722204822128
0.00945031486504827
0.00997552945619192
0.00983424836567019
0.00957082920052277
0.00937121293845452
0.00994792439973637
0.00975743981014875
0.0097901915673541
0.00946460330547289
0.00973142299897265
0.00992792428805774
0.00900215123232129
0.00889228601384319
0.00989549432097317
0.00953640667536564
0.00953985433332435
0.0103780044571842
0.00972692429760245
0.00964874659397223
0.00952895597101564
0.0100525947905055
0.00914098291516826
0.0101133890578349
0.010131388005521
0.00932398404776505
0.00935604715132674
0.0108104909888529
0.00934040834223208
0.00907706570206565
0.00960118881046204
0.00944912862559097
0.00965919484332259
0.0103257229812111
0.00994077913799823
0.00959626379107599
0.00981301556569877
0.00932382437951568
0.00939937190697861
0.00968481916057236
0.00897658263482148
0.00975545198522339
0.0102482988441399
0.00915211413086372
0.00958605620358299
0.00934353387653036
0.00894664060281633
0.0091337804071679
0.010455961610745
0.00993019560462522
0.00976803682438964
0.00943860447265995
0.00959834290172925
0.00981431272046466
0.00848767923493555
0.00986729510552679
0.0100556108157002
0.00963156344360573
0.00933976369005
0.00965501425975618
0.00977938163323169
0.00960730392375542
0.00960112481461229
0.0100099402288023
0.00966617995859232
0.00954171028870806
0.00942361930362606
0.0101645532960627
0.0108369849888101
0.00979790876186427
0.00895826617692414
0.00904818037841224
0.0104804101082444
0.00900625476206758
0.00998141502410506
0.0105549192097192
0.0101555228394377
0.00897690973374127
0.00990303248797882
0.00967935141919889
0.00909254848056523
0.00955392472083759
0.00970269063611674
0.0101661512354015
0.010415537897104
0.00880335716652176
0.00957721575974565
0.00898346728160695
0.00945478194198467
0.0101016248233105
0.00997634568441283
0.00924752311313187
0.00907884561148098
0.0100583640160222
0.0097159126897424
0.00915851677463077
0.00982420004334287
0.0106707571056591
0.0096856911393084
0.00960235794133643
0.00960858453153309
0.0100215190145717
0.00950600928964258
0.0100971219358085
0.00960015796966826
0.00984760675439882
0.0110920121085079
0.0104750169771669
0.0098734572533446
0.00995952760364402
0.009827462176211
0.00993019792743214
0.00896285309188364
0.00961858247253327
0.00958136636130578
0.00981116937852346
0.0103435701207554
0.0094775252466152
0.00978192148381528
0.0100492275747215
0.00984872626164549
0.00947158039921902
0.00879384943917816
0.009631275875329
0.00929808280194366
0.00988879667055064
0.0108800966365727
0.00939607166846744
0.0101353266436924
0.00990563824945844
0.00913754113886065
0.0096676968415017
0.00998521023835388
0.00952942345126521
0.00944728810250953
0.0104038909101957
0.00996436743329044
0.00965173798490427
0.00938759485531267
0.00995499932454126
0.00998034988159943
0.0102566521295324
0.00981793747825719
0.0106859603958315
0.00966411536726271
0.00880131118072318
0.00946309919381861
0.00921003331173876
0.0093421265000223
0.0099436270075296
0.0103566048435054
0.00956302923792113
0.00953829742301547
0.00963510552000745
0.00927747619845311
0.0102107992837947
0.00968208920275235
0.0104711067447791
0.00984110663748248
0.00950426864902189
0.0105368663615175
0.0100029418211037
0.0104360793771739
0.00944116891474017
0.00944461059730417
0.0101984006456122
0.0094850432689746
0.00969757185994929
0.0103171548062815
0.00958670611425935
0.00990739777743505
0.00968500195577867
0.0101749071355227
0.0096263174969656
0.0100309761330601
0.00890618244364279
0.00984929769027613
0.00915358745099506
0.00986035795683363
0.0099503005054338
0.00973982178606567
0.0103110128259368
0.00937344799793296
0.0100504242498826
0.0100593865114135
0.010110327256743
0.00955528961407324
0.00960007487350001
0.00951023007280939
0.00917044795023221
0.00982632409112353
0.00999440423022727
0.00891398813269783
0.00993077538728306
0.00963286837232263
0.00904253559258368
0.00977265762449653
0.0100298343800225
0.00930245789886065
0.00910052739230199
0.0103552369624743
0.00981081863260182
0.00922786710056097
0.0103380313417573
0.0104099505065235
0.0105201346022991
0.00941282941812731
0.00963023570887407
0.0106509588846469
0.0102132360851799
0.0101120196183174
0.010426019808535
0.00962817213888303
0.0104548777492813
0.00916806854021585
0.0100178404101482
0.00986850206039248
0.0088815229154211
0.00927619383099219
0.00937033208594142
0.00907663181952141
0.00993625955502962
0.00972757950705708
0.00974133551445505
0.00971988021097927
0.00995565246470853
0.0095668060426843
0.0100345788250354
0.00987607970922893
0.0091027423111412
0.00964130914882589
0.00910335833659409
0.00971964887390743
0.00970747217377033
0.00978295791819196
0.00910066242140227
0.00872121423237327
0.00968607759736156
0.00869058975182377
0.0095340829133146
0.00863672472733275
0.00989114233746542
0.0107847347491904
0.0105641429956695
0.00986310275896412
0.0098248330358898
0.0100778463858364
0.00956969178289457
0.00932644279032397
0.00963054195984976
0.00960284533443004
0.0103068807074307
0.00981797050103503
0.00967477821052
0.00971657206886798
0.00900712354342277
0.0093364956137375
0.00928479521891324
0.00988556143550604
0.0102763638923257
0.00916722023426624
0.00985544514570194
0.0101595512211797
0.00992088943113464
0.00934603657252328
0.00978922130488325
0.00945204177338831
0.0106285023622776
0.00936526911512124
0.00984613459576596
0.0094683480498783
0.00931818784580312
0.00942927828301122
0.00940796077181333
0.0107848332246891
0.00967008653295168
0.0089122885108335
0.0095435616336137
0.00930387191853197
0.0097044098827746
0.0105356806765039
0.00910627916139729
0.0101056969193381
0.00878370837082043
0.00916902371999068
0.00954371798882527
0.00938601205113567
0.00970131067432273
0.00965809292754736
0.00994210475119145
0.0092856864437091
0.00965962569321628
0.0107000863502623
0.0108415639754759
0.00910255361789626
0.00920303480451878
0.00956549031951373
0.00949781476733132
0.00987341225386968
0.00997578842620149
0.0102084962310248
0.0102807919799318
0.00878032115329855
0.00925987177497161
0.00977472577155058
0.0100239504291531
0.00928018853615832
0.00992361409054925
0.0103567255284535
0.0097028080121704
0.00890470679612431
0.00985616714171409
0.00988819103553851
0.00941518783825192
0.00957399574074604
0.00918813168446612
0.00920279145872285
0.00895395591200224
0.00968028037938202
0.0104592002871802
0.00909746530854649
0.00935108792264399
0.01018672561319
0.00998632226805149
0.00974221469754318
0.00952869279718565
0.00994986486976502
0.00972924023594123
0.00905136576325344
0.00962068454177148
0.00952651116352986
0.0101661725421831
0.01023929507965
0.00981898776106816
0.010113621355462
0.00979603653320565
0.00968570255953157
0.00957916862105292
0.00985469009362812
0.0096979557092856
0.00954562702129339
0.0102927414290138
0.0109742237828946
0.0103755632723191
0.00977207725903018
0.0100252638096974
0.00993730128461814
0.009689363015335
0.0096087190862388
0.0100481331756787
0.0095454610211941
0.00935734186247002
0.0101347436683925
0.0106613219289838
0.0104842096668087
0.00967062335999501
0.00985648239450835
0.00968006011846696
0.0105858665373698
0.00908492179575073
0.00973444187285847
0.0100316782775603
0.0105947298209516
0.00967609085614896
0.0100692666438635
0.0093305206331438
0.00929097083320887
0.0103173630880682
0.0106281441987782
0.010483932253291
0.0103279028705385
0.00958309992053058
0.00926209928405315
0.00999149020547485
0.00950769584567037
0.0102508880849276
0.00934361945272463
0.0095508178557541
0.00959748562254385
0.010363530533132
0.00939725783924504
0.0094883189949866
0.00967146402229
0.0105468509797589
0.00905157774574933
0.00926464121089062
0.00975416405014936
0.00988739342705938
0.00962320429238255
0.0103297368243727
0.0103995064190996
0.0103741480731849
0.00983237821965803
0.0093721772119413
0.0108531067206093
0.0101035346238101
0.00964431929121606
0.00858595655076009
0.00943225937455668
0.00989306562187559
0.0105770019878008
0.00978127287451325
0.0100650316834095
0.00932074376590018
0.00908788140528045
0.0096996222208548
0.00982303708531206
0.00969298942590633
0.00909721326389098
0.00883894926556799
0.00997444176295503
0.00884098541420698
0.010317272325922
0.00876984116689518
0.00985710839977872
0.00978378014528898
0.0103763373030671
0.00972343137670255
0.00970544409710474
0.00983127670299239
0.00997087960642819
0.0095391822610485
0.00936394992989262
0.010157999418318
0.00931455255484567
0.0105560811458871
0.00865314524026548
0.00927245050418382
0.010257931451476
0.0103992853917648
0.0100339734409279
0.00934395094704705
0.00983957558389972
0.00911767227977333
0.00962509050605113
0.00961678407180237
0.0094141148280347
0.00934462204997182
0.00947041842540376
0.00922910736188511
0.00991458096708493
0.00975507730197299
0.00985814255736253
0.00997823990649305
0.00900405614537044
0.00910037321112528
0.00961482626542965
0.00953279415471167
0.010255793412752
0.0101219222308984
0.0100692503280313
0.00968972178852916
0.0104774958334184
0.00957965492257532
0.00933282875692538
0.00975074705256659
0.00927185326309641
0.0100011399104144
0.00922639293719762
0.00863944423213809
0.00985404872280863
0.00974761969111292
0.00966624080366626
0.00927771816874569
0.00916701371369563
0.00976951748754665
0.00986235650919671
0.00936645737415789
0.00945381204013664
0.00944871042172652
0.0101065152220226
0.00986493285609195
0.010141389833979
0.00922984938452025
0.00903815206360509
0.00933113260834084
0.00886542783943489
0.0100597304381006
0.00982199702372093
0.00965486746396601
0.00931484172536042
0.0102690869396665
0.00952715788851241
0.0105489917821568
0.00999248269865039
0.0092168676030028
0.0093567749172659
0.0094951668859973
0.00982807494984874
0.0103772838167303
0.00995374240254693
0.0100074837664482
0.00907685165171991
0.0100907370905618
0.0103643969888112
0.0101494642837183
0.00946865749658287
0.0106334890635733
0.009836300381112
0.00965673013761217
0.00917744094816463
0.00947674966820052
0.00961723413848669
0.00951673376137207
0.00941134342062676
0.00983869310256836
0.00928268215459788
0.00882168527089557
0.00917330814652957
0.0100188695394539
0.00984723176140448
0.00980785783158822
0.00936669881437146
0.00870557885080814
0.00971329737503215
0.00914706127657361
0.00955111924058095
0.010082329987365
0.0102396666213195
0.010728567607361
0.00956639948094517
0.00991406374982997
0.0100387436883167
0.00995422607205692
0.00905593695496528
0.00909110459367077
0.00976620227533753
0.00940296304169098
0.00984563445216809
0.00910165250929409
0.00975781703993443
0.0102180107566542
0.00992699447888679
0.0103036883628031
0.0092492380326484
0.0100680562270509
0.00873765599125269
0.0100250715709299
0.0103011142619776
0.00972045047460356
0.00973150423008804
0.00929429083813476
0.0103191956625576
0.00974323241813184
0.00958543752690573
0.009823357574294
0.00964792173387681
0.00914544518699376
0.00929636040538785
0.00961646055191563
0.00999448460871433
0.0104480773098133
0.00945516356589446
0.0101171814218804
0.0100609182005082
0.00975435301758468
0.00982032743124179
0.00967734681430958
0.00905457304823357
0.0102738865408207
0.00930429301911122
0.00958936249044615
0.00956933141273903
0.00960882653984609
0.00973254889495209
0.00970338753640205
0.00953047407342298
0.00979872387579002
0.00999571367586059
0.00960403823015992
0.0099385864905802
0.0094144134817825
0.0098467483886669
0.00974171982070497
0.0105701264691536
0.0101404470083674
0.0102248839418301
0.00961818097141014
0.0101733413122121
0.0101452660682263
0.00921043944353137
0.0105471722825336
0.00935748608777858
0.00979752105886335
0.00955796784323508
0.00916913864266325
0.00963062607227232
0.0106649125696321
0.0105690161669845
0.00928010578386587
0.00960290771149747
0.0104615263889402
0.00916331819455561
0.00905579349034686
0.0104909514003456
0.0107117416426806
0.00927467443402115
0.0102856817807268
0.00985377342299962
0.00965964848016903
0.0095111637280581
0.0101329684793882
0.00977655152655219
0.00918023577059451
0.00945155258552164
0.0103083702813133
0.00865943026500796
0.00951369327768494
0.0100832574057102
0.00968568931295265
0.0100862820205018
0.00936809560739597
0.0103471830636885
0.00949951872604903
0.0101714422641835
0.00958192348930901
0.00938057107284806
0.00911445708728584
0.00958626049576439
0.00991769567893215
0.00968968596809593
0.00971296368398507
0.00925783623472518
0.00943034150096202
0.00922176255698179
0.0100224669564191
0.0104985700180327
0.00950222637533225
0.00941569678982391
0.00908917829021289
0.0102546647642788
0.00960510797271343
0.00991793954337638
0.00998971936830035
0.00883529512308384
0.00961863303120919
0.00993073140021824
0.0100952421735034
0.00861118964472595
0.00923473798040863
0.00986364152789807
0.00995724952946902
0.0098954976716091
0.0101246788545767
0.00920818055451398
0.00859155372855407
0.0102378669685697
0.00944698153073535
0.0101070154345014
0.00978136552842162
0.00983226042327771
0.00919502119940651
0.00966275646376868
0.00990446093121351
0.00984044767751308
0.00906133354716498
0.0104496655409629
0.0100621792089334
0.00899956392788711
0.00975240217432802
0.0100545738610319
0.00945605804166255
0.00919210687726204
0.00958281507739711
0.00944604339426849
0.00956751509381491
0.00977663402815968
0.00907459004462009
0.00990492154356281
0.00973590761289006
0.00985563511733558
0.00980195019229629
0.00911912802198633
0.00989621008385371
0.0096399334110896
0.00946600491774652
0.0106486512307821
0.0106471809504565
0.00961261110801208
0.00894652312017741
0.00927952781528662
0.00935909887732108
0.0101947122371759
0.00937479353214861
0.00959589972837439
0.0102578896298365
0.0100323859408608
0.00991492300045439
0.00897487816171194
0.00899854916309557
0.0097953775826298
0.0101821637404467
0.0104151441578671
0.00961790276599694
0.00884688086763654
0.00979314717033211
0.00956217496382172
0.0104625789421337
0.00986310024039196
0.0095384251969136
0.0103671096428777
0.0100620411631993
0.00866926759386515
0.0096641347121909
0.00971672290552515
0.0100229905048625
0.00980804509588956
0.00996470433374902
0.00991096653831673
0.00929712257167655
0.00858445597574621
0.0102084859838534
0.00932719401965543
0.0107125116986273
0.00952856960811741
0.00990292035390902
0.00911481098892052
0.00980922211412304
0.00990943366965561
0.00998877042107828
0.0102089935771269
0.00982885784640037
0.00956176729649654
0.00976532503691104
0.00893417051814166
0.0100075103993945
0.00961354299447485
0.00875329451486634
0.00937817791475331
0.00940380703621588
0.00941963160590647
0.0109501090800874
0.00924958084408667
0.00956621977634122
0.00949823790089092
0.00973745304981925
0.00952728207711159
0.00977919340767675
0.00963413802706851
0.00991318079382515
0.00928716812472491
0.00955837926297064
0.0102220510951356
0.0100200526518595
0.00908371433916641
0.00963166075207774
0.00960854607451089
0.00951089011798513
0.0101667888225334
0.00895033506061013
0.00974179948722334
0.00924325190329838
0.00979942168239367
0.0104735719719361
0.0100083100969384
0.00969735490525048
0.00970971469497267
0.00876887356908976
0.0095896036773545
0.00958509713270055
0.00988724993947914
0.00995313642587058
0.00996567842058178
0.00924672010862385
0.0093230932058995
0.0104909804860952
0.00941336842574231
0.00933994684713571
0.00916215111878214
0.00912213284022485
0.00921361158042711
0.00990177860948067
0.0100456327563735
0.00922075868456447
0.00965367467782813
0.00987525416322805
0.00984353265310977
0.00986397807153627
0.0095533821814168
0.00992515125738353
0.00944672361712266
0.0092897884870516
0.00949526534621885
0.00948496455323695
0.0099020594799157
0.00960080996720287
0.0103990615813974
0.00909333212747937
0.00953323604327681
0.00942587148597744
0.00957437195698253
0.00983473298646173
0.00986299597142333
0.0104924013541693
0.00999661641961388
0.00961166447930716
0.00924051478796972
0.010386961028603
0.0087532174413363
0.00949274497570075
0.00962104807423456
0.0097496620548546
0.00969705837012345
0.00968932163076368
0.00974115007526164
0.00992665914084315
0.00942705042199664
0.0110227488576632
0.0101358749489364
0.0100976229784826
0.0101445458108333
0.00978048461348377
0.00997521926988386
0.0101994960717089
0.0100320136567166
0.0104908597093736
0.00942197642465966
0.0102476996679763
0.00900667463685443
0.0101599933437368
0.0101704787001531
0.0088026052141526
0.0085678614469588
0.0100337498264015
0.0097885846680717
0.00958368273346545
0.00900947416426963
0.00947988895746313
0.00974216079984902
0.0092302885646763
0.0094446112405481
0.00944985725017955
0.00920502809497604
0.0098561690442727
0.00983537149269274
0.00970982451533662
0.00926267138410619
0.00947888742365647
0.00948484373428653
0.0105384068627475
0.00899486201279493
0.010211373371338
0.00984197448859295
0.0102895179114429
0.00997504996241886
0.00949843815245264
0.00946835911741107
0.00951756974898115
0.00953291658400978
0.00952830001484229
0.010222441814295
0.00948689034446892
0.00916874356454274
0.0101819702641942
0.00976514101687775
0.00986561544886373
0.00968271474220072
0.00912957175929409
0.00911198043366337
0.00949439187617585
0.00980207384082521
0.00952909555589463
0.00876624987081011
0.0103557938394972
0.00974245881323345
0.00945157280519779
0.00947694904358076
0.00895936343034237
0.00991252544267719
0.0104428241074762
0.0104929076277534
0.0101417349914563
0.00995919588872351
0.0100363023911189
0.00968627789838843
0.00926633997161764
0.00972452436729999
0.00887374595441997
0.0091451915879662
0.0105700180125506
0.00917661550826734
0.0104171478476127
0.00974373793176981
0.00969527420964844
0.00983159031451227
