x
0.0095788320315286
0.0104090824537797
0.0102595453054993
0.00932256070216441
0.00955844826608912
0.00997115729679247
0.0102165767068243
0.0104074346753576
0.0115236544703197
0.0100936686383395
0.00932321555772478
0.00910324760905374
0.0105769974004164
0.00937269215938705
0.0102371936921208
0.0105373325575186
0.0103780837352056
0.010590309029681
0.00930544013059249
0.00974919785394101
0.00933453307541347
0.00996809440080077
0.00960558768608122
0.0096308581719123
0.00966332539167143
0.0102475452656069
0.0106092962467419
0.00977102771923836
0.0100729937305151
0.0104747106460097
0.00943805459271841
0.0101999833899097
0.00999253838862495
0.010296131602652
0.0101814420415532
0.0102228054552998
0.00994266839130351
0.0104859334272376
0.0102793253443292
0.0103484246337237
0.00967695302707235
0.010225544674682
0.00983865637786185
0.00987175415210648
0.0109202737869914
0.0100752284498898
0.00992173646107012
0.0106720772549509
0.00989128576246067
0.0098867303199279
0.00989126517252924
0.00971609984331893
0.0101708131505947
0.010407887569758
0.0100180754130273
0.00995208748362792
0.0106509047070802
0.0106519058518674
0.0106474239456579
0.0100232380314513
0.00976599922487587
0.00996579329552722
0.00981145318844349
0.0106461572561574
0.00963888553743993
0.0094997650004659
0.0103272846158828
0.00950127517266671
0.00996537311915698
0.00950779645403525
0.0093195809404513
0.00987904234812561
0.00936006908224244
0.0103130729748194
0.00968921970869713
0.00974195172975686
0.00982644320336416
0.0101466269839604
0.00985391578535344
0.0098389016234139
0.00918282988741844
0.01092856240298
0.0100220166261909
0.0106214590939045
0.00942133130926599
0.0100631461172137
0.0107673834965104
0.0105576624036255
0.00996862549822692
0.00990285317471494
0.0104071481460495
0.00971433001715975
0.0101739575048648
0.0104462357832174
0.00947277842736851
0.00982394967951847
0.00990934495583373
0.00949267271658877
0.00970687457546995
0.0104696779297562
0.00991217909857652
0.00956902736727251
0.0102971696840467
0.00975864748321958
0.0107991853425829
0.0100909616685651
0.010759080584047
0.0102167207044153
0.00968308943149945
0.00927367760104125
0.0107516344879619
0.0101232850433924
0.0100874644987177
0.009766575975514
0.0101068300580272
0.00996538783937293
0.0108160628563685
0.0105200912798366
0.00976218169569932
0.00966669170662494
0.0098357108776593
0.00991606429469827
0.010484763977932
0.00982535464622832
0.0102537689912321
0.0102303991562059
0.0102450962257153
0.00963966645982142
0.0100464252031297
0.00961526383240327
0.0102423595984265
0.00966006068617552
0.0102218545483018
0.0102855235165649
0.0104296337874776
0.0104707076973849
0.00931780222813523
0.00932150048862668
0.0105671053951474
0.00981307936908945
0.00979821631501178
0.00907929940404988
0.00969268371022232
0.010277206857636
0.00986691245571059
0.0102546903112973
0.0101588769330384
0.0108471259639437
0.00954223471402579
0.00952467153641047
0.0100799357262582
0.00985987816201361
0.0093910202840865
0.0103287124901537
0.00985656118624934
0.010066530840944
0.00998289427142657
0.00999353945647068
0.00947086959448261
0.0091996752017941
0.00947177885325692
0.0100707634054895
0.00928718601275992
0.0100214932743214
0.00952892442911616
0.0102250128825895
0.0106353039475616
0.00976125110877198
0.00910452366342709
0.00982073077043842
0.00956832210941137
0.00961882901992996
0.00893648048616745
0.00979340699192865
0.00908624525096734
0.0101388111124936
0.010297244261961
0.00922378621329854
0.010043497426735
0.00932189984042947
0.0108130338776866
0.00998671179855052
0.0103041121306859
0.0104069653977028
0.00980899153472448
0.0103744958042163
0.00974058249750455
0.00992979789895641
0.0104471897815081
0.0101992255556806
0.0100735102591995
0.0102401315516945
0.00987364511216636
0.0100550056726315
0.0102081008182778
0.00969471762618461
0.0104352469844648
0.00948015585798475
0.0102693466966766
0.0104382911578243
0.0102699179363397
0.0100767801446518
0.0108055187926022
0.0100284972217472
0.0112368936183731
0.0102895286191556
0.00936009926368891
0.0109416696515221
0.00967884754282999
0.0105679094646756
0.010515857274255
0.0098410104561037
0.00992716815499413
0.0106305085911481
0.0099534619316364
0.0101868054985187
0.0102150616860511
0.00988532714246162
0.0097283653359194
0.00966117315582918
0.0100202945547294
0.00946718489365592
0.00981918050682629
0.0104116918693253
0.0099941215271858
0.00981774215944861
0.00989854100452781
0.00891445932380759
0.00985120059345307
0.00962427086526137
0.00969069445082877
0.00977467932288224
0.0103924034451793
0.0102339685232719
0.0103376428787815
0.00989011858040703
0.0101132498837301
0.0098978772436476
0.0104159935438423
0.0100244176288842
0.0102064628782939
0.0102407585742201
0.00934679510092849
0.00937951935606663
0.0108326052229502
0.0111063139224684
0.0099544265821363
0.010061814424418
0.00990666063962809
0.00916007263985266
0.00951693354874991
0.0107698450445541
0.00978849025915868
0.010340157266549
0.0102391546141287
0.00968252783382888
0.00994244543884766
0.00941874358405877
0.00932701068905825
0.00994723639108702
0.0100129975630298
0.00952843322232828
0.00944526147536579
0.00977042055163666
0.0106883489241755
0.0101363097011776
0.0095606333354022
0.00999867130906435
0.0103819436528219
0.00981610649417157
0.0103728947228984
0.00976713519539582
0.00951195602871882
0.00996854847888821
0.0101152295058158
0.0102611328218073
0.00969597365210688
0.00924565120527978
0.00998242263487921
0.00962132021218662
0.0101302692205346
0.00984793343208517
0.0100586215872246
0.01002527580414
0.0105177647265272
0.00924954841283377
0.0102691592524991
0.010203188364111
0.010667549175213
0.0088569506028844
0.010543493680096
0.0102005841451046
0.0103500394000225
0.0100878486805512
0.010589125489516
0.0106287255472532
0.00980385151821356
0.0102104531906442
0.00982372595737032
0.0101527854059959
0.0102852590324883
0.00984948908830908
0.00938239447483173
0.0102658175366782
0.0090363112871317
0.00960227748175666
0.0100806427592692
0.0103758011901629
0.00952892399827364
0.0100273774233449
0.00991353688858639
0.00983658270491654
0.00983202441143691
0.00976439300819403
0.00960236086761108
0.00997999252569668
0.0106940651271013
0.00997610650247827
0.0095850742338028
0.010386939670617
0.0100025824088536
0.0108863800510562
0.0103055402476142
0.00970242221660144
0.0108363788182733
0.00956392289611431
0.00974472018159253
0.0106854433396376
0.0103752300643782
0.0100035861848499
0.00947096860649417
0.0105577547658267
0.0105411797042905
0.0102068439465859
0.0094839867006714
0.00954655399518755
0.00938678933324404
0.009349452747451
0.00992990944819726
0.00998999907143349
0.00948520481120225
0.0106946251697753
0.00956280886378467
0.00949466420792118
0.00966961696515051
0.00916577250222828
0.0111738186597484
0.00997184458602439
0.0100257562574145
0.010925830600911
0.00983604758397812
0.00974397946809798
0.00976937201663447
0.0094721285052942
0.00984617094087301
0.00957318342626052
0.0106812724364768
0.00931489450202829
0.0098307078427385
0.00981901580136546
0.0101171859142386
0.00906081436587789
0.0105712237468279
0.010437672189518
0.010191777698715
0.00987708043615186
0.00997392761292511
0.00944026820071298
0.0095853108195394
0.0100519510009182
0.00998565884791903
0.010085827050796
0.00956297224670129
0.00993107291928539
0.0105361950503764
0.0100522761330037
0.00982517413469512
0.00974304895366787
0.0101371580139724
0.0101843542615357
0.00980988686357693
0.0100043537552514
0.0105214686301515
0.00958694014357954
0.0101540631689095
0.0108845137983855
0.0100014595605176
0.0101300005250362
0.0102281959237441
0.0103835450984677
0.00929351288904696
0.00987772584459496
0.00990992962539605
0.00980425952248871
0.0102666576642252
0.0102889129355262
0.0102616509681621
0.00959672314790742
0.00995929038985861
0.0106387338617648
0.00964118817237288
0.0092667744572303
0.009394823280292
0.0105199843030623
0.00953325797235292
0.00985384038658307
0.00964303002018475
0.00995324665007424
0.00989379801302469
0.0098823890678046
0.00988754319368526
0.0100790020100166
0.0104240121454267
0.00930696014908132
0.0101532187364032
0.00965544838795494
0.0105042105685224
0.0100937076985333
0.0101724932428876
0.0104092093801161
0.00973526833096529
0.0104322124291518
0.0102761104192425
0.0101103699689719
0.0101534180238495
0.0103973792038203
0.0105272242566218
0.0106022342457972
0.00935731829890244
0.00994003033775158
0.0104800314908577
0.00967166810827352
0.00976185001423947
0.0107062220410184
0.00929713903638643
0.0102294313566305
0.00983137953985027
0.0104679115256156
0.0102369547800006
0.00972758603539577
0.00912564054316781
0.00922719198561299
0.0096638223028519
0.00993937076846974
0.0104087243010118
0.00996138398984002
0.0100937373275692
0.00970179113424683
0.00936116342438837
0.010322952082808
0.00992382283824124
0.00935393478513311
0.00996963006023214
0.00976828991546077
0.00866276113569951
0.0102607958485325
0.00987054361300616
0.0104043575411651
0.0106059987055255
0.00999481260809771
0.0107404002833246
0.00997028025818218
0.0090062771369046
0.00958749800746698
0.0101589859059896
0.0106111209888364
0.00958860402331887
0.0102834535760778
0.010367886943803
0.0099158583872788
0.0100192138805267
0.00927766852651673
0.00995115050191555
0.0109556653063268
0.0113174522173959
0.0107448047294518
0.0102613971272723
0.0104623241636776
0.0105161327889733
0.00972895709966698
0.00982942183772193
0.0102533867709255
0.00977137862588482
0.00933571984694942
0.00960277724615557
0.00985127135119542
0.00978169004952141
0.00915986641013417
0.00918658099782146
0.00958599558485374
0.0103354220484923
0.0103952267238
0.00998970978790034
0.0104243722015502
0.0109032020373541
0.00994978295722771
0.0100013698961717
0.00995249279443258
0.0106027119516969
0.00926387549360266
0.00984782719521449
0.0105488168941101
0.0113124284383154
0.0108119475480078
0.00959859371497083
0.0100863030381267
0.0104064668610279
0.00982714631509866
0.0101890623661096
0.00947616805134698
0.00975408601529922
0.0102758014727392
0.00929408274016427
0.00972641014823611
0.0101016399064848
0.0104749031962425
0.010673418164962
0.00969776447691146
0.00965810199005241
0.0100045048232691
0.0105185535860284
0.0103236546469931
0.0105427194303199
0.0101082909595996
0.0105712502672623
0.0099913653376911
0.00983462761515891
0.00995355125991481
0.00986117153060206
0.00924166779045655
0.0107571192198313
0.00982412518331455
0.0103317731181948
0.00920755775335177
0.0104091322109735
0.00933208415522582
0.0106047452026783
0.00916657478592186
0.00946854903180396
0.0100384165785575
0.0105227555748666
0.00958870191905556
0.00896949808525081
0.009600984655038
0.00973422913888273
0.00999725823929356
0.00971835298496306
0.00995944972500091
0.00941001268821756
0.0100404258629197
0.010725415172752
0.00977441928824552
0.0103985770644754
0.00975125362301673
0.00974717514863813
0.00951177355365882
0.0103470844279032
0.00939094373930749
0.0102121681176138
0.010097306900377
0.0101101120713323
0.00980467035158005
0.00962485391064
0.0103294376427667
0.0102150023556619
0.00931098435486219
0.0109105139706839
0.00926174900656783
0.0105279346468293
0.0110905574082148
0.00937676662559633
0.00986307266558466
0.0102146015947095
0.00999870164566556
0.00955305907950294
0.010353076187838
0.00950090000481059
0.0100693470201781
0.00982675991348215
0.0104800190104551
0.0104866503014251
0.00900855834474536
0.0104343903426293
0.00969593112455496
0.00978553397089001
0.00956759944309432
0.0105197759023269
0.0102673490194887
0.0105747398526919
0.0097842360025847
0.0104397303281931
0.00983300964906421
0.00965907736843639
0.0102875503196334
0.0101537314813108
0.00983994376448963
0.00896655837606891
0.00992964155363442
0.0102204379136501
0.010195126773051
0.0105497847996904
0.0102115934619978
0.00968594714656288
0.00961602873008032
0.00977952412849178
0.00960140851161525
0.00953661757299732
0.0108190289382088
0.0100488047883767
0.0104528730006522
0.0100767586388051
0.0100205986982628
0.0108294930231015
0.0103905713694092
0.010141160854354
0.00965218578026592
0.0105709372267059
0.00972879497649368
0.0102141003848772
0.00929810965192329
0.0101839790128742
0.0106837357980671
0.00952436732071766
0.00908482347675929
0.0102029594716274
0.0102681445791469
0.00964273984472061
0.00989963751524856
0.00963861513639777
0.010401924881483
0.0102207786880389
0.00935168230886746
0.00970636758997072
0.00948134284133101
0.0104664681405714
0.0100568455864705
0.0107241825248677
0.00982561320197915
0.00977181365202974
0.00999857462443819
0.0100490376223037
0.00981430021723374
0.0102533329146043
0.00933972695203402
0.00931924999646797
0.00963279199965181
0.00943633160316027
0.0097418100121344
0.010230212172376
0.00936556591987598
0.0100790249926604
0.0103200515173156
0.00996147793970263
0.00932524416918645
0.00974745451078099
0.010270215415372
0.00978322844023967
0.00965290122017731
0.00915244347875553
0.0103164299348268
0.0100853176660553
0.0111563340621208
0.0101923736824421
0.0100134678858506
0.00907582769491817
0.0100930231213694
0.0100221829457112
0.00936741704243814
0.0103464841744206
0.0100033699899006
0.00987100044000053
0.0101344564326796
0.00935996895676842
0.00959275952809687
0.0100529671715137
0.00927778235847973
0.00952112087445705
0.0089462213384965
0.00982359043144658
0.00982262333761038
0.00891120176674515
0.00986549076622852
0.00871071265618657
0.00978577294746778
0.0104064417478016
0.0103158402613973
0.010188788027471
0.00990254322051135
0.00954661061102771
0.00955566675797834
0.00963048928812099
0.0101129186408193
0.00953203613577155
0.0101416142109993
0.00980166839581332
0.0105554395542856
0.00919853212636163
0.00933932224506618
0.0108869799305965
0.00985537494387219
0.0101204435579677
0.010093300039806
0.00917300768464557
0.00988528855525217
0.0101658628154952
0.00991383665043679
0.00969614171096262
0.00917181890912594
0.0102795849828869
0.00950726337010813
0.0102778838142064
0.0103315682725204
0.0102470117931479
0.0100790983191707
0.00960011035721635
0.0100597485472931
0.0102638845095442
0.0106394727960024
0.0101156998223788
0.00978595184304736
0.00989630282158655
0.00956896733008218
0.0106346292735201
0.0103191013358507
0.0103377037206675
0.0102354580606006
0.00991250365125722
0.00957492478685862
0.00979248319670038
0.0102933408587804
0.00963558928680524
0.00905355403946446
0.0100338541088533
0.0102851397009834
0.00993505967022831
0.00987460822505549
0.0101566965803343
0.0103804850431318
0.0100628918901138
0.0101921248862759
0.00930189839959209
0.00978729734521435
0.0100757996895188
0.00987650833411451
0.00996097081805082
0.00964931879561019
0.0100924308557447
0.00972172447829839
0.0103271138029291
0.00902392330734694
0.00953687947957215
0.0106046589950769
0.00977962477358773
0.00985710821940188
0.0102657903692011
0.0101057522911235
0.0103584223271611
0.00991161973713667
0.00932078012780034
0.00904405393135411
0.0104555002592263
0.0101174860340248
0.00944009866056357
0.0103582731717594
0.0106921212644741
0.00948621975244109
0.00991843905752518
0.0103597337048498
0.0104107582130813
0.0106600319962912
0.0103053058596374
0.00995229989182091
0.00906129179392965
0.0102339028749607
0.00989908969774169
0.00971904037189551
0.00973932682997896
0.00991042979165565
0.00985007304188911
0.00904851571621114
0.00975951856020568
0.0103192659518631
0.00948100287538545
0.0109158159036668
0.0102449763650669
0.0108272722703895
0.0107985715082632
0.0108957847076293
0.00959286773648275
0.00996338048319085
0.0104111329776141
0.00985564147158518
0.00913529845282224
0.00952852039298179
0.0100382777025067
0.00916387419533724
0.0100601853892489
0.0101318115206597
0.0099148234067931
0.0107414381533602
0.010994762027573
0.00972991768808633
0.0108147605484287
0.0100199569985678
0.0102609658305406
0.00959345744764437
0.0102452093977882
0.0105665852244141
0.00863659755103461
0.0106214938097023
0.00910246862098592
0.00996379857804108
0.0110654761504735
0.00963742639902999
0.00958201450564948
0.0105540381870007
0.0100789529345663
0.00990312200334481
0.0101753309134908
0.010821029661404
0.0095650204286216
0.00977724181684653
0.0105823337246862
0.0100579395666171
0.0100830468344814
0.00999605940428343
0.0101838260010049
0.0108642398332225
0.00956890638813498
0.00982537213149776
0.00975998906655617
0.0103873720649274
0.0099114750937041
0.0101672279832377
0.0095658660450708
0.0100035333561901
0.0104594420091518
0.00927051844333894
0.00990604887577616
0.0104357001298638
0.00968919921198975
0.0104942742379116
0.00952031364033829
0.0101350083813025
0.0105754660364924
0.0100145573268905
0.00952989204744652
0.00990075746005855
0.00980773152391036
0.00928376779325328
0.0102672400191291
0.00962454088619821
0.0101350000564021
0.0090547628322021
0.00940228524843481
0.0091221485211171
0.00990742809815588
0.009566580949342
0.0104061685070284
0.0107672469969696
0.00986440861293531
0.0104197127076266
0.00917682537354109
0.00900453959574103
0.0101143740683824
0.00945169872167577
0.0103323587297493
0.0105674073495859
0.00972021888029407
0.0101105694435279
0.00953542591139384
0.0100112608012144
0.00952271571897772
0.00893349579933284
0.0100275131434751
0.00921514338885105
0.0104113608033853
0.00981028329255155
0.010307948699455
0.00998551232756962
0.010353143753282
0.0103996249677918
0.0107962472982786
0.0108117183003136
0.00976298489422266
0.0101089141556102
0.00979088442094444
0.00936033186801521
0.00920763281338687
0.0109932238013917
0.0103115646593378
0.00966222849257522
0.0100401737686671
0.00936062592258387
0.0101536393578395
0.0107942781866576
0.00971389131006079
0.0105361048539504
0.00970508789723952
0.0102850332904156
0.0097225034335117
0.0101923980287765
0.0097236252229649
0.0100362588949759
0.0102813154511504
0.01031177740442
0.00969289371330297
0.0109211229838559
0.0100954839557996
0.00969623711098166
0.00935396272001376
0.00989165761400645
0.01103157109699
0.00943406610222802
0.0105920059220529
0.0106937275622963
0.00955879829258597
0.00966850855056862
0.00961504119724873
0.0108551505157584
0.0104586784160151
0.0105381884324309
0.0102904551730225
0.0105132990128419
0.0102836956650939
0.00995236517766014
0.00950848981301239
0.0100725768957615
0.00948216020367301
0.00942374661810838
0.010410468367435
0.00977075570714318
0.00987055284405592
0.0105337061353933
0.00885920345944727
0.0097733443534548
0.0102683203826687
0.0103762247522693
0.00999335572792836
0.0111877204959318
0.0107720452958399
0.0107381995692619
0.00966641554754219
0.0101073093201292
0.0103246966990793
0.0102836064702084
0.00953659007314566
0.00986387791730868
0.0101678157325509
0.00966888608302007
0.00967580559326888
0.00943148688599143
0.010192393148098
0.0100757218366154
0.00985406577389127
0.00943363208695229
0.0101533945087952
0.0108897129268112
0.00991216449827953
0.00951344864633283
0.00935127931482111
0.0104999948505127
0.00987493591961867
0.0108268454037276
0.00973481241325288
0.010520856728915
0.00993456452756299
0.0103044517335872
0.0100811576677178
0.00990811800326068
0.0096730555411318
0.0102222185644209
0.0100852015229061
0.00993742564132093
0.00929574476037771
0.00969497237294215
0.0101422975223105
0.00962719806596196
0.0101965231434711
0.0101164793231118
0.00937850487133261
0.0103540639503224
0.00970427972514172
0.00987857651751397
0.00964275827864294
0.0103453870237289
0.00975667365490266
0.0103211681454846
0.00979092888592028
0.00940752799218283
0.0101751391580808
0.0105376710912806
0.00986776371893902
0.00936038180487522
0.0102127164335021
0.00927300073381925
0.0106174379128687
0.00926843870492747
0.00971730398445944
0.00960182946138157
