x
0.0107040315072903
0.00972774350680613
0.00943558073448089
0.0105538028498315
0.0100946275631339
0.00905749344662968
0.0100387607561131
0.0103307900803764
0.00983198823695708
0.0110703907392844
0.0100116862676955
0.00946459494600745
0.00981096236964981
0.0100054303339636
0.0095540514843219
0.00952399426410547
0.00920253659709134
0.0116098606769805
0.00952840437374069
0.0101688542586897
0.00910166165313439
0.0097504136400001
0.0100649514961338
0.0100803581353942
0.00946060997556939
0.00977967444087883
0.0103910161491924
0.0092925343602155
0.0102334291504985
0.00955737025890752
0.00946033676709816
0.0103649950715837
0.0101328347106631
0.00926945986740954
0.0100678956861967
0.0104010253376232
0.00967398310993972
0.00943645345324021
0.0101924174964797
0.0105469500904894
0.0102298037865707
0.00953016402947556
0.0107931876422034
0.00953029160941735
0.00998406758812205
0.00983968558745451
0.0097491964353252
0.00985477715370287
0.00961674522470755
0.00996223828565101
0.0100710024573876
0.00996350084264122
0.00987317556594295
0.00928292638309712
0.00966735152971277
0.0101106818593635
0.00981179653012925
0.00983865809350704
0.0102168250861288
0.00960733109684499
0.00937528777434786
0.00980130292497795
0.0103415447190118
0.0103462156713986
0.00907209896376644
0.00985705578847299
0.00948991807491637
0.00957563195785898
0.00963225054932798
0.0102243520879521
0.010324918203144
0.0100626994455862
0.0103818185669445
0.00992831261495575
0.00946037622992598
0.0100200855636419
0.0099410697405382
0.00970217444469377
0.0100458676942995
0.00959289773526963
0.00952957380599606
0.0092845051422406
0.0103246863952756
0.00980085403875886
0.0106750462941826
0.00949757206288995
0.0101007497845273
0.0103397350836453
0.0105050849889548
0.0115488283587767
0.0102609596052993
0.00909104507960162
0.010656179968556
0.0101074257131269
0.0099832523873288
0.010226979210859
0.0105953527830031
0.00976296535928304
0.00946871735229399
0.010582703648851
0.00925679619962779
0.010108029402718
0.00950947890991719
0.00992716556999506
0.00981757633306624
0.00978150534460811
0.0105956170613076
0.010762424003224
0.00944924462738107
0.00971904266981567
0.00959090426192712
0.00968961898231996
0.0101638813318165
0.0104190523091042
0.00986535131245128
0.0100427346643075
0.0103982769717641
0.00914973002260279
0.00991806287706825
0.0108288843739796
0.00980646434959779
0.0103031929128173
0.0111466999411393
0.0102855639749488
0.0102141223537953
0.0105698218480137
0.0102672149191092
0.0101600471889736
0.00951175034882734
0.0109478395981501
0.00968376628945745
0.0100164384353814
0.00927952607408761
0.0102205074343274
0.0104731696851535
0.00866449666478022
0.00981089833795984
0.00923520126482495
0.00965380552228348
0.0099415484024036
0.00932950630352731
0.00964506485515746
0.0100579519170712
0.0102380917423948
0.00935476580533996
0.00995050215817975
0.00979524857693208
0.00927350653042799
0.010575332882321
0.0110461259702601
0.00998237021335232
0.00985822973785939
0.0097014902098179
0.0100811247013473
0.00995600684591875
0.0102085360928161
0.0101358484529805
0.0102451415278161
0.00972372346922412
0.009828521481112
0.0101446109099387
0.0104760206634621
0.0095089302062777
0.0103625781849248
0.0102028051866185
0.00873391271189761
0.0103217108565473
0.0108906949114217
0.00949765098505158
0.00914151629596084
0.0104332711463223
0.00888940181297429
0.00944427997335359
0.010862926858707
0.00999940726315632
0.0104969816817104
0.0093449887258077
0.00955923700214919
0.00888461278558146
0.00909804341417301
0.00891207891314168
0.00997697736059687
0.00991205428080462
0.0103080139212489
0.00990545320156151
0.0105230631313788
0.00994836414390461
0.0109723571643628
0.00923913523784745
0.00913158699204487
0.00923095557657966
0.010441214506606
0.0093758084244446
0.00956059131119236
0.0101103788408475
0.00944642815711969
0.0103542329504962
0.00932954310603119
0.0100816514499685
0.00987874282577826
0.00897750483524354
0.00953621708025982
0.00976037806927305
0.0100574721352673
0.00987725222730609
0.0100248490213506
0.00986871940942625
0.0101820458082882
0.00997532195162423
0.00972624266735454
0.0100595291072014
0.00963065675059155
0.00982838853453329
0.0109533845669034
0.00973685484648176
0.0100446425112572
0.0102536329573209
0.00922155570922601
0.0102858283695916
0.00955208357573177
0.00959748385290443
0.00957122093487672
0.00986991465334713
0.0100005630126917
0.00985531333190324
0.00948415620935649
0.00967940001712195
0.0101113034339478
0.009984432410404
0.00922085584057509
0.00986092005303063
0.00876863265756011
0.00927544469059789
0.0101988134440734
0.0101872771776827
0.0091787353244527
0.0099541091857267
0.00928229329230216
0.00975830612157046
0.0104292626624313
0.010018832738584
0.00998863186587271
0.0102608247705598
0.00944870654004366
0.0107053804795998
0.009903690590217
0.0094695629407095
0.0103269083512053
0.00990201001455138
0.00977773794312716
0.0104867905596393
0.0105767167106669
0.00904084128065633
0.0101342675491821
0.00955185443366255
0.00931178641446042
0.01023759287132
0.0104857346955
0.00878214789970038
0.0110222006237611
0.00939312727918787
0.0100175536455013
0.00982453891014213
0.00929828967386758
0.0100918300545074
0.00950270465762411
0.0105967658933244
0.00919850263473316
0.00987593635375109
0.0104088685950886
0.00966900578056877
0.0102899015766477
0.00992485212108653
0.00993780736265678
0.0109358376369587
0.00917628055216225
0.00999049162562556
0.0096309430518979
0.00971761983167043
0.00959115368085653
0.00967203438697659
0.0094192917787772
0.0099792814620486
0.00990191219039524
0.00904173049686704
0.0102859215110485
0.00925886342022306
0.00954705981611513
0.01006092885556
0.00962337190851584
0.00922813707370537
0.0101972665274772
0.00989933319249884
0.00959446077182475
0.0101376853113231
0.00993834022179736
0.00933200888874654
0.01090075483035
0.0100739233331893
0.00980025178451161
0.0102652151972295
0.00912383160047844
0.0101261161613412
0.00994943606703168
0.0105710055548013
0.00945908201396042
0.0100099075394238
0.00950073416231928
0.00998413733901141
0.0089850510128827
0.00981136280751757
0.009811123962808
0.0103457842430207
0.00983791323697818
0.00954688602060094
0.00975837116957897
0.00997919777019542
0.00992131310719754
0.00908516690732325
0.0106659688783356
0.0101410279657556
0.00974327927473874
0.00935013082802683
0.0098551397989047
0.0102173879244971
0.0104369256488736
0.0098472638282361
0.0100977413699141
0.0100499126551855
0.00945406447527096
0.00976485404534084
0.00976802159895785
0.00966597442461097
0.00989034314522208
0.0102420573700605
0.0101535078325583
0.00989070315947652
0.00926338853816217
0.00954047466861917
0.00986949008059
0.0106221527566035
0.0106239408705443
0.00989132381971516
0.00928504714045201
0.00970805784065962
0.00939672110982589
0.00939216061295762
0.00952900217772422
0.00897271436869524
0.0107874482982968
0.00989601122532011
0.00951605532248349
0.00949545502421541
0.00933734004095227
0.0102690013315922
0.0100024917329293
0.0100213334064688
0.00910887942411522
0.0103342242251325
0.00994897186979412
0.00934576259444003
0.0100494783282369
0.00968194673716772
0.0101055977530928
0.00980634153322129
0.00937308483418127
0.00963408998034214
0.0100629201302386
0.0103843102460278
0.0108985124722143
0.00989657887701061
0.0100296620658072
0.0097162511181155
0.00984715943678254
0.0106875825863939
0.0105264874888979
0.00989943768266127
0.0101760695761345
0.00986469352882678
0.00943975206957796
0.00973317968672732
0.0100845198308302
0.00987557622622792
0.00961321091963202
0.00980039204093588
0.00968366742902072
0.0100379637972391
0.0100439460235536
0.0100146052140422
0.010405149370164
0.0101147687024423
0.00962704518421164
0.0104896989666537
0.0105593019439038
0.00974852645524568
0.00958235339020101
0.00973440160817639
0.00984663585275582
0.00968023515012545
0.00990175980686955
0.0103013367357093
0.00896215750700837
0.0100074302083132
0.00948547828235935
0.00990999790745419
0.00998449387511035
0.0101806123638016
0.00981034691861299
0.00936667736074563
0.00980586285444383
0.0104131688297714
0.0109294562022016
0.010062988633453
0.00900278521311744
0.0100048192706188
0.00924718745824946
0.0108486709168585
0.0104741442118966
0.0101863300427431
0.0101150475604597
0.0104543187091022
0.00964212944495474
0.00958864084255777
0.0093132127044308
0.00956584494209007
0.00950491358917303
0.00998469834487986
0.00993401186016308
0.00975166794546335
0.0099734495011245
0.0100616370864121
0.0106740314005201
0.00985732184424711
0.00930152778108328
0.0101105121915563
0.00945365773513357
0.00984099101870953
0.0101191402757906
0.00999680967167207
0.00985156872437755
0.00971021984674228
0.00987509306534677
0.00896851281487186
0.009491703367717
0.0101611642728539
0.0104754419972598
0.00989495065895543
0.0104165285085634
0.00913675881500998
0.00948462098449562
0.0101903157047892
0.00994614899647996
0.00968681674097006
0.0097715502908109
0.00948747881083774
0.00930365244891491
0.0103159211957142
0.00942723977673336
0.0113227741922651
0.0102248814088936
0.00924856542880004
0.00990434378270252
0.0101659013326781
0.00940578515155947
0.00937451889223485
0.00995826218933418
0.0105773512412865
0.00975798371642714
0.0100986492925862
0.0105708502808038
0.00912477725616234
0.0103677217638321
0.0103660624620988
0.00983477472198125
0.00901024718692944
0.0105958111140313
0.0103537242119737
0.00982336729889689
0.0107267643506407
0.00974063079179277
0.00970780684952239
0.0104836199130154
0.0100022674517466
0.00998458953425981
0.010153835002791
0.00889030660947534
0.00949109376948695
0.00975930599500706
0.0101720324486926
0.00955291076025048
0.00886317130554122
0.00982958635263026
0.00955279529648909
0.0102496596208843
0.00930259260776923
0.010487081952534
0.00952380713394816
0.0111436452473098
0.00926692881142323
0.0104345587409835
0.00963997187419343
0.00997216743100398
0.00932538409346062
0.0107033204403011
0.00991096885745922
0.0107060548447532
0.0101525189329224
0.00975838056381247
0.0101476794143515
0.0103388217882142
0.00953377875013583
0.0101101648331745
0.00957574100205643
0.0100956599887571
0.010085185119918
0.00961432812727622
0.0102529985544495
0.00983206741304535
0.0099103664480015
0.0100241406172047
0.0101579831650622
0.00965182318212446
0.00949356841707279
0.0104356615286278
0.0100662865499448
0.0109254867343759
0.00969167655121637
0.00918380309922629
0.00965261944384207
0.0095499219554193
0.0101617946950623
0.00986799581141208
0.00987492542726457
0.0095870073979986
0.0100582427497377
0.0102834763741133
0.00985044113125828
0.0100173288727098
0.00964167824400903
0.0105072232604464
0.010348938324913
0.0100972637075996
0.00988183551483882
0.0107308089849177
0.00991739901284627
0.0104015264692208
0.00975835795620053
0.0101634629976539
0.010310532558735
0.00999082707582816
0.00992556933339282
0.0100106568543251
0.00953825549809893
0.00999729570063622
0.0101285784481807
0.00938025375087821
0.00938125929623638
0.00992657063137796
0.0104364716033058
0.0104410008360084
0.00940597492877893
0.0100470266927921
0.0102253058785648
0.0104134770787308
0.009783571465613
0.00978124076227141
0.0105083486940863
0.0096158370558897
0.00998937095940492
0.00989893871470089
0.0106306819693005
0.0100977802697016
0.0099008571134451
0.0100366285653311
0.0108006617896588
0.010074555840894
0.00987030355444564
0.0103276178640105
0.00994262488563439
0.00972065744997106
0.0100634851432098
0.0103405941380734
0.0107119959303106
0.00978836108307148
0.0100920435600605
0.010030045783209
0.00921890695554686
0.00995502342457729
0.0105141061185985
0.0102234969979953
0.00936398424546637
0.0100462962871921
0.0101763209013061
0.00990383722248864
0.0102742951461931
0.00982284613123943
0.00988907714377632
0.0097334540675503
0.00918641955457375
0.0103835891899823
0.009469435300379
0.00984139561032429
0.00917318399197188
0.0101409910009753
0.00938271946728533
0.0101779569230544
0.00965571724710644
0.00959360754246771
0.0105909874335096
0.0104546743449179
0.0102681948025786
0.0102842677761225
0.0100086694417307
0.0101028614296108
0.0101424207980324
0.0108707723778191
0.0104876877541438
0.0103497377221922
0.00971229032699431
0.00967914541106004
0.00986263524686504
0.00982737127501129
0.0101820243453878
0.0101770896424895
0.01040199949755
0.0106779852518297
0.0100281173594936
0.0101032450381957
0.01061243508395
0.00974931388877419
0.0104524423112935
0.00979693052649595
0.0101033768199681
0.010451312799043
0.00956792482780484
0.0100652494249822
0.0107358290952584
0.0103550675536937
0.0100026505241233
0.009726529976979
0.00933469853627025
0.00978607128049505
0.00933763727932958
0.00992952034064981
0.0104194568946371
0.010025450254614
0.0103627565943044
0.00971237010986361
0.0102468820879395
0.00965239619922666
0.00949029034740539
0.00969254911535135
0.00951925807817858
0.00922190259658919
0.0097907570201243
0.0095805212400805
0.00914779535981362
0.00943025676165763
0.00993681318695161
0.00962556902143511
0.00978363207383317
0.00964586492424871
0.00953248152318071
0.00888895706878373
0.00907765677462226
0.0105268539330297
0.010107425841998
0.00986817361211832
0.00919327980367507
0.00966921471990938
0.0100880719100417
0.00997949850457156
0.00928166321789741
0.0108292899923379
0.00982034459969624
0.00953836823080915
0.00976902219367314
0.00947594863799106
0.0104517447075668
0.0107731385875783
0.0103932695084132
0.010771993216742
0.0104215470418154
0.00949682091120907
0.00943813526392655
0.00998521823157586
0.00971902279966936
0.0104166607172096
0.0104159160854918
0.00979917904424749
0.0103469257109377
0.00973061652158032
0.0098635755793421
0.0102054343868904
0.0101364273121808
0.0102044091066004
0.00987406487749549
0.00935951726847668
0.01007376014228
0.00979343994042582
0.0095786669228478
0.00988463691102936
0.00948084769347444
0.0102366140445927
0.0102056836102384
0.00991216985529906
0.0100722404075256
0.01029991009217
0.00938351850526732
0.0112928872729601
0.0096784759216493
0.0102380494438004
0.00992361247776402
0.00905517421481288
0.00960872616091655
0.00993176165314196
0.00953877759464078
0.00995196555199138
0.00892047308490185
0.0103252888630086
0.00989564307387064
0.00914098400023291
0.0105439329865014
0.0102482348056869
0.0101727400645656
0.0101088953608437
0.010224631873929
0.00936249662123831
0.0103612125845457
0.00921453551733591
0.0102122368460914
0.00979618043944413
0.0102385660607011
0.00997356332256641
0.0101570251595163
0.0102929557572318
0.00910632921768409
0.0101824857195488
0.009400635484437
0.0093537205195836
0.00977036839451966
0.00983641881519841
0.00976433046901527
0.00995473958968174
0.00960000899642714
0.00945713514187068
0.00998123522908599
0.0102255561090798
0.0100776462186064
0.00963353130642976
0.0105142547176801
0.00995034291130026
0.00995291233445561
0.0107696247255185
0.00974756833182568
0.0101352608081866
0.010439499695135
0.00995716567120375
0.00971897990719733
0.0096793470145975
0.00927363775847218
0.0104008801212479
0.0107572138862872
0.0100393293870128
0.0100310667548264
0.00995475949628448
0.0102813704157914
0.00951575480083591
0.00942138411351137
0.00953744096998381
0.0103695421940776
0.00975064029881437
0.0100201637785448
0.00947084397232113
0.00976134819582587
0.0100413877737109
0.00982595744094988
0.0101214774018931
0.00936889924984377
0.00970152987499046
0.0100372814639591
0.00999597587816127
0.0107765738668178
0.00949921977255312
0.00954235987877682
0.00933639167347713
0.00908982048568635
0.0101896283611274
0.00971721043886061
0.00938195895541331
0.00975511446709227
0.0105902863011156
0.0101321569900362
0.0104608774039382
0.0102510087337016
0.0103834848447849
0.00942941298371013
0.0104964771881498
0.0102008434983594
0.0100002934523207
0.00911853238134048
0.0103033413790187
0.00923732036392977
0.0108768237513005
0.0099507593078504
0.0093825425041272
0.0100147225387099
0.00928516202651961
0.0101539773218479
0.011055944828944
0.0101693583032442
0.00911735370297383
0.0102986061519744
0.00964771196140218
0.0101063924577545
0.00986159470835955
0.0101618043896426
0.0104095980255642
0.0105949741169926
0.0103121433901123
0.00896659648947332
0.0100470199448045
0.00934862345969097
0.0106347750449251
0.0100293464122968
0.0102766222282475
0.0105246580652478
0.0102730761353798
0.00937368072737164
0.0110295011556465
0.00936754352969618
0.0100785769568479
0.00926701793750848
0.00963515922556189
0.00984419299230459
0.0104901727169507
0.00915202002390356
0.0106125238367184
0.00987684091493484
0.00974575354743234
0.0096481533838962
0.0096485892191443
0.00933447488945617
0.00955482947533747
0.00995344968611024
0.0105035753416277
0.00949104972704873
0.00965704924192143
0.00989678842559442
0.00935470947720453
0.0102571962549588
0.00909261821283313
0.00941868676136197
0.00998054624676243
0.00985274532967326
0.0101107415969176
0.0102615544145032
0.0103337035366311
0.00958422445914875
0.00917638667367894
0.00997125855948394
0.00873076994028223
0.00951269783026245
0.00960058362901815
0.0102890755022039
0.0101699285694296
0.0107644070326247
0.00975251369113432
0.00854858757533318
0.00997449394163233
0.00947457930018631
0.00952078315796813
0.00965481717193793
0.00929196177170698
0.0101641407250228
0.010401256471102
0.00987474061181566
0.010145896977756
0.0100839545459622
0.0104006973392693
0.00911392000517734
0.00997613783554125
0.0106088669239202
0.00973888930157679
0.00934978484711417
0.00939774354287882
0.00994119410524871
0.0106993647231921
0.00883782080763386
0.00959703958381362
0.0101597796074293
0.0098582601855179
0.0101430919039765
0.00956878699597083
0.00985758252642654
0.00990724571814937
0.010247465362387
0.00916773344219303
0.00920359901806574
0.00978260579206479
0.00993874500824168
0.00946074407384337
0.00978746403033833
0.00944462521053597
0.0112174885829521
0.010001342573733
0.0105201939455773
0.0101846945137192
0.00904949304790008
0.00953358461920877
0.0100132334314485
0.0104543761679354
0.0103826195140835
0.00980883819727447
0.0102285176340585
0.0103515623564903
0.00910383339672161
0.0091829143106256
0.0104177781785821
0.0102917660389388
0.0108401030251324
0.0102651542773526
0.00996722787407673
0.00898006092634232
0.0098775430409714
0.0089833347807525
0.0103214203764274
0.010297813579257
0.00914218029332932
0.0109175665192852
0.0100482875919409
0.0100090628172105
0.00963730310945827
0.0101115059311796
0.00967598086364958
0.00960282692140314
0.0103030899251177
0.00975317878706452
0.0100627789600942
0.00970121803986016
0.00991541164670585
0.00988860696889191
0.0099148935292716
0.00966571034810438
0.010083884458627
0.00952283795789638
0.010155839052728
0.0100637639766934
0.00974675570428922
0.0098722793066899
0.0104665351559754
0.0104424661428397
0.0109417383754467
0.0100794528044797
0.00987789104353407
0.00980487072271059
0.0103191945136648
0.0102846148827703
0.0109109298293833
0.0111224703050765
0.0100145993875089
0.00943413419204027
0.00941235880135829
0.010295547356903
0.0100141176778988
0.00946984731866046
0.0107559873608988
0.00933786832873145
0.00968128937886669
0.00997054734528155
0.0114023983435484
0.00966678101690239
0.010291142843154
0.00929188216700616
0.00975876573006154
0.0100086581149405
0.00948112811969121
0.0106286141816758
0.0106420700254952
0.00982961076142808
0.00959886033522082
0.0100548109483395
0.00980363141162368
0.00985285035183463
0.0094877156261511
0.0100163079055274
0.0100492180280523
0.0101249692868251
0.00952203932092318
0.00990841901784784
0.0100712754655608
0.0101762717086266
0.0100283873049369
0.00954354726603046
0.0103939840282696
0.00928404853334078
0.0105485189695016
0.00987021031905081
0.0108635899423716
0.00989080792784307
