x
0.0102590510939108
0.0103730975573106
0.0105372303995255
0.00980694491871282
0.00974361568610279
0.0107960595168153
0.0096653653657436
0.00996563147786147
0.00911952280261434
0.00939714095883882
0.00942444937644552
0.00975560970874268
0.00870982040139531
0.00971326343873428
0.0100474993481616
0.0095572099620159
0.0103241018686144
0.010815210288655
0.00938529471222973
0.010384047545726
0.00953680420423576
0.0101260675617148
0.00861962452227222
0.0103543720768447
0.00956218283525009
0.00995360945576381
0.0096124921925616
0.00982589681522865
0.0093250579630244
0.00922052540313381
0.0104804843556999
0.0102213108841413
0.00928995572682692
0.00952651665633407
0.00974852891484518
0.0105184348279081
0.00916295209219225
0.0100678591828491
0.0109275562963737
0.0106481379427966
0.0104475226398291
0.0104725858831698
0.00983220528088085
0.00994265065428748
0.0101244528857564
0.00984830235832293
0.00952966355504931
0.0101344362939997
0.0104078762130564
0.00989624670974025
0.0094231160645184
0.0098857746390239
0.00936770533050109
0.00949568713022869
0.00980475750079085
0.00939230305004765
0.00997373162997233
0.00939578931812474
0.00927614036895602
0.0101071844591205
0.00916207665226519
0.00890540617009695
0.00999647887336405
0.00982805079054339
0.0106099874993222
0.00991064639905934
0.0105068613084004
0.0100075984520065
0.00961770722487956
0.00990923838300313
0.0103016264359666
0.00992105131626495
0.00979154517848655
0.0105917007115686
0.0100330929081583
0.0100986586504502
0.00903725657163852
0.00965769430404825
0.00953896644176229
0.00966303253186015
0.010383468020809
0.00980967082463029
0.0104857067275864
0.0103293804428085
0.00981107045122938
0.0107240562866622
0.0101461553094224
0.00986808819933409
0.0102706212981118
0.0102018329120595
0.0108460962030861
0.00969402467796634
0.00960040988824024
0.00885222823203962
0.00900631237357216
0.0087941822942791
0.01025147826363
0.0100493906996008
0.0104483068998669
0.00991711418909418
0.00941901111666214
0.010346887497412
0.00956696945676662
0.00929757540351241
0.00902182775435639
0.00898469265358915
0.00952849901731466
0.00982721893063851
0.00982361252036924
0.00970467140534479
0.0103992662007113
0.0102040954184864
0.00985821345808036
0.0098927869891109
0.00894955191089651
0.0106561552231548
0.00960735381225033
0.00916756496618772
0.0108812285910837
0.00859226497688225
0.00985105103755187
0.00931962898034612
0.0107338163056131
0.0111978701614516
0.0105940302769876
0.0100790939901959
0.00894761706153827
0.0105636615294522
0.0102634481051579
0.0107720564026497
0.0101363462130473
0.00979821775658499
0.0093237516520127
0.0096687420160097
0.00935347548924562
0.0100482830900009
0.00956038844598042
0.0102034457478137
0.0102130731457446
0.0101133038024332
0.0102011369193037
0.00959025879890563
0.00932422067521857
0.00973542957098116
0.00994302043191241
0.00992452399468434
0.0098093794196952
0.00931970724715859
0.00977475031463841
0.0106761447133886
0.00984776601770493
0.0107042009977087
0.0101148809099596
0.00993117523983706
0.00955596562964786
0.00994604839587484
0.00910336281029954
0.00981922181607325
0.00985349494658998
0.0102981467420561
0.0105244930647854
0.0106444438233294
0.00912820969427774
0.00994146588673324
0.00989284104638856
0.00982108011009164
0.0105119085577633
0.0107185980223441
0.00951662888846274
0.00940779027142196
0.0103868227066424
0.0107801042602083
0.00962071102505655
0.0099709616188117
0.00937797689697859
0.010573941715954
0.0100296332580874
0.00997691613098881
0.0117228453142773
0.0103277899756658
0.00969976531145919
0.0101788900061661
0.00978754145704781
0.0105110138384596
0.00995528613728591
0.00948185975262346
0.0096902588788378
0.0104656434331458
0.0102617073361133
0.0101801185182764
0.00988560526775563
0.00999870783012898
0.0103591309192723
0.0101438652542279
0.00932085930434579
0.00996553738691789
0.00990312608621136
0.0099537823078382
0.00970588144001587
0.00992844022363996
0.0102547555781349
0.0103950732372829
0.00997006265831337
0.0102225473355742
0.00945675343224289
0.00823720410272429
0.00970999757800323
0.0094549457467618
0.00972776934627403
0.0089674566983849
0.0099897838140683
0.0096251717477344
0.00978731997384823
0.00980241727838369
0.00948492252207593
0.00969257920584866
0.00961608059249704
0.00986240842248598
0.0101614100573667
0.0103568437393935
0.00992488115187956
0.00990616776414122
0.00973071614061566
0.0101512342145615
0.0113881538538525
0.0101324209868933
0.0103492388506358
0.0092696539170322
0.0101318247271749
0.00939436983506915
0.00972061581709961
0.0100002839423121
0.0099950387303659
0.0100393221665286
0.00977464102965171
0.0104181939231277
0.00998413120180592
0.00966275195895847
0.00994501027030311
0.00950673540970889
0.00983795428165887
0.0102531086708822
0.0100616078883713
0.00960159741768213
0.0104064344053927
0.0100174137478312
0.00947706384459716
0.00971930816636972
0.00985338610058463
0.00947828096120317
0.0105427136565127
0.00981140417931475
0.0098823089445318
0.0110156271725758
0.00974290958887503
0.0105687253642325
0.00959870857275524
0.0100713265462929
0.00986040788725513
0.00979207684809833
0.0104921387426122
0.00960212009260402
0.0102851489282466
0.00995879961160651
0.0098360008890759
0.00958500922174132
0.00927600792870096
0.00983029869189695
0.00961163380284991
0.00965846494446075
0.0104547800070785
0.00984024777775681
0.0104955858743648
0.00990206719816993
0.00991007855297287
0.0106031104666724
0.0101650844858591
0.00970252718837136
0.0106777542381181
0.0100297500927385
0.0102218640391433
0.00911358095695808
0.00989045250369308
0.00977196647828737
0.00928977412765
0.010467930448375
0.0104479521581225
0.0100547704995444
0.00961184686741881
0.00970365683368814
0.00982547621135918
0.0102213381906104
0.00920992714122015
0.00949643477062584
0.0106273155728435
0.00997355487508182
0.00989058139164462
0.0099057964574133
0.00968982731867394
0.0100486867044168
0.0102167863351852
0.0101428585686656
0.00922641371125687
0.0104727454221537
0.0098680709224967
0.00881447972409018
0.00972203203380193
0.00989566527418194
0.0100649193231338
0.010697827624343
0.00996927116872254
0.0113543112570474
0.0102821487847012
0.0106651067474503
0.00989124334109249
0.00900862823082867
0.0105348900545366
0.0103368086904484
0.0103721026598418
0.0109656672806537
0.00969185295437418
0.00930128953853808
0.0104012019475617
0.00972346877014887
0.00988110616302991
0.0100404398130887
0.00957184132481813
0.0103116079423678
0.00992104170039252
0.00936825130998354
0.00919487819802774
0.00990105001203065
0.0103662605877232
0.0102246965156181
0.00987517074431558
0.0101757478096706
0.00978115703114117
0.0100202112283205
0.010141318859049
0.0104359051941752
0.00979249145067519
0.00999297461865685
0.0101401665786771
0.00980854976924804
0.0100731214563491
0.00981299571805832
0.00983505084897802
0.0102644260401327
0.00948632612076899
0.00848322928233563
0.010704988724564
0.00985623212475412
0.0105357652444395
0.0103534022229551
0.00996573064792197
0.0106393426788082
0.0103614065550088
0.00954915908601177
0.010210883841128
0.00981817713671712
0.00962258426155995
0.00938614989449595
0.00946743811601196
0.00995953887702964
0.00955942689947202
0.00954780258251737
0.00970065453637609
0.009268328196661
0.00936639728746915
0.0106496049524313
0.00963179248379631
0.0101237145914283
0.010045387473674
0.0107475628452837
0.0100061710475781
0.010219445546847
0.0102136900216928
0.00948312424595469
0.00933863912598442
0.00934425825910684
0.0104643803641322
0.0106290125652657
0.00903230636086316
0.0103669083121194
0.0101841570398184
0.0100603874609133
0.0103565029579786
0.00959983205882777
0.0102765704617543
0.0103306699173218
0.0096047217414433
0.00999008616287951
0.00969339009152278
0.0101372531649975
0.00928870369601632
0.0103742418543618
0.00958885354087639
0.0109896710525231
0.0101214330574807
0.0104553131681319
0.00960400369512425
0.00995779331519714
0.00911996522449826
0.00964774223679217
0.00988472849970281
0.0108057382921925
0.0108458496147564
0.0103252748056039
0.00981173126033347
0.010414942614347
0.00972031970189047
0.0100835407123222
0.0108642985144258
0.0103612613329083
0.0104667318896915
0.0109972899766234
0.0105249476502779
0.00966748993794319
0.0106268470450335
0.0102728887015615
0.0102351198010732
0.0102398326083027
0.0105462064331939
0.00984457661607019
0.00970275213125904
0.0106756625894991
0.00984767118297545
0.0098025472937788
0.00976411753590457
0.00999903274610395
0.0105246191875529
0.00949031775546347
0.0097998076638153
0.010055161892723
0.0100931868353769
0.00988061438899022
0.00992622984988377
0.00988791768274346
0.00965764636510366
0.0099581390310856
0.0103102714680764
0.0101243185349023
0.0095188111738801
0.00997090648440362
0.00890560770194552
0.0100500795669535
0.0101280232259504
0.0106074404953364
0.00984207106247977
0.0101081394266872
0.00979574572298888
0.0104155112981406
0.0103734478394973
0.0100012957321002
0.00938632861889892
0.0107496450592075
0.00934571440435056
0.00893990410838385
0.00989186800016471
0.00967099422015097
0.010074219811951
0.00952930395147246
0.010164863843717
0.00960684409353599
0.0108598489998113
0.0102952481923303
0.00984659322881294
0.01052302926634
0.0101466159705778
0.00952279325123085
0.0107874303659726
0.0100149806824826
0.00959604204249198
0.00954974102581551
0.0101770822358266
0.00969583088314032
0.00942835713033357
0.00964633224473298
0.009783865342733
0.00998848205850096
0.0107946067730627
0.00961658405082613
0.011019683440408
0.0100366693574238
0.0091393802472972
0.00990280030083911
0.00907513474859988
0.00975732232980697
0.0093290963605154
0.009864616651498
0.00971015638287317
0.0098612349049161
0.0102704505505388
0.00939735605794969
0.0095562490530247
0.00973220752009548
0.00976495112696928
0.00955409426743471
0.00966872086500005
0.00963465435560954
0.0101532501977897
0.0105173605480721
0.0099815224114414
0.00936102252044045
0.00995938963969371
0.00985867942800443
0.00974271171364572
0.0101129756025443
0.00971975026597082
0.00896232317103739
0.0098781554765602
0.0106372489256911
0.0111649231164151
0.0099452665835491
0.0101419033959038
0.00945682277671263
0.00965332723464532
0.0102470375476415
0.00973634493771958
0.010688990024571
0.0100615528435025
0.00982922679240267
0.0097803251803957
0.00956616623490441
0.0102284735753706
0.00952305659928849
0.0096394961967154
0.0105535301179612
0.00988003842435996
0.0101035211073989
0.00998097656243244
0.0101975657266358
0.00967907651784257
0.00942192966857652
0.00965077948523119
0.00910994224884331
0.0096317532679934
0.0095898891802854
0.00980416441679418
0.0105848596087132
0.0102026402111494
0.0101177745647094
0.00993559871331696
0.00879313513966728
0.00900556517455149
0.00908389473896826
0.00978119942489063
0.00980014988050922
0.0105832607290396
0.0097973277451172
0.0100350329423645
0.00927517693832944
0.0100357182933454
0.00940055504668648
0.0109460783380523
0.0103817462089524
0.0099327668597017
0.00996644626933801
0.00958455091565829
0.00938573598148546
0.00962594610724744
0.00938850367710325
0.00983960378521868
0.0100823955697198
0.00974527644763097
0.0091533712716359
0.0100305284230464
0.0101679720613211
0.0106167424499131
0.00903593994146998
0.00990768364893583
0.0100178876901324
0.0103728109365813
0.0101531372456431
0.00912128210215608
0.00953655682493502
0.0103614040960695
0.0101100249544235
0.00926488399867987
0.00935582216090527
0.0101400029218914
0.00915826628458177
0.00934809875042337
0.0100022019123853
0.00973727247552074
0.00997014032310892
0.010128737502867
0.00963966930686757
0.0101008284611182
0.0093818021894071
0.010196068458414
0.0103329743583413
0.00993938569469398
0.0101948328673073
0.00879743722254582
0.010166640946757
0.0102764919711008
0.00953146708666208
0.0106227716628879
0.00913566390797407
0.00989391984925338
0.0100704020401455
0.00999734940617798
0.0106348023201618
0.0105895490968415
0.0100641771844868
0.0090250013105371
0.0104393519423823
0.00957445991268245
0.00973025807155493
0.00925527645788587
0.0100454092200942
0.00975277758746968
0.0103001832950668
0.0103292972984354
0.00989622291671561
0.00945709919747816
0.010615548309758
0.0101273996661186
0.0098740090940492
0.0102855323511835
0.00910509031635357
0.0093865708922877
0.0103027424249231
0.0092138976315233
0.0104798111404044
0.00934009230764245
0.0104130115100465
0.00916170247396825
0.0101018179417478
0.00927641751186388
0.00876775719127826
0.0107135248615512
0.0094611229923417
0.00971108295741002
0.00968140149893171
0.0098685579578932
0.01008149480357
0.0101861315655441
0.0102117606364213
0.0105778715683122
0.00920709312540533
0.00981472535368143
0.00982630662954394
0.0102316422144355
0.00993286839474987
0.0101118140412283
0.00932712773257051
0.00940341290750624
0.0104700099106907
0.00967326877438347
0.0101737353740672
0.00974328502928847
0.0103548333497898
0.00937987143332415
0.00988690853374171
0.00967992639614877
0.0100055131316623
0.0095555164360746
0.0101417199404747
0.0103444839234584
0.0102972652286841
0.00998291907009132
0.00979107110998784
0.00939393875956456
0.0099256605869442
0.00988599914602597
0.010081909914971
0.0102069372797567
0.0105425368443536
0.00946900011486499
0.0101737619606425
0.00997203456954654
0.00915758020272445
0.00939352863694415
0.00989852567808954
0.00992179699807991
0.0095032201286989
0.0103826189862688
0.00967375285442959
0.0101786588079386
0.00990076135426724
0.0108749373224861
0.00923036528469038
0.0102236259177958
0.00984728194753814
0.00981225554935613
0.0107312274018538
0.0098004497270854
0.0102723450653362
0.0103697867756535
0.010336207568384
0.00952155793448313
0.00966433185021261
0.0104143271393831
0.0105734112182186
0.00968186793781618
0.00960974413998842
0.00993384867285484
0.00985087361822115
0.00963196295503194
0.0101729475905235
0.00955456644835242
0.0104673105154829
0.0108560197456904
0.0101914798762336
0.00942231553087318
0.0100372111415139
0.00952322223078404
0.00996324148420577
0.0100737305729834
0.00965579857499948
0.0099040586148744
0.0101090378609037
0.00983571462143068
0.00973980292843444
0.00937571143355571
0.0103208725657234
0.00931792045738946
0.0109473017172447
0.00902645206500554
0.0101035547929883
0.0107201612864324
0.0105800104649208
0.0100382548904246
0.00888221792727975
0.0099346133159715
0.0104910676808299
0.00940608183204934
0.0105812720381783
0.00986060169276072
0.00930026614389565
0.010532217703817
0.00967214062981602
0.00917339083036096
0.00938097720250954
0.00923479797028667
0.00932014840149424
0.0104698927481805
0.0104470211668637
0.0100088434299259
0.00989043179543169
0.00982178506646709
0.0105500449936009
0.00928025943655985
0.0103691425701476
0.00992243229332654
0.00935655742010113
0.0102480789309711
0.0100830483448971
0.0102887542418278
0.0106848975585618
0.00999026888322259
0.0100463142429207
0.00921331298157744
0.0101444620300045
0.00976480238070967
0.00948364059775153
0.0101246523069028
0.0101263145655287
0.0106929771152912
0.0101505246581089
0.00984594247610399
0.0103756366089501
0.00975286535551034
0.010510131528364
0.00968950156529066
0.00999817536037516
0.00971081609967288
0.0107697265035965
0.00920174232491446
0.00963860993753144
0.00973522743298293
0.00923780129928999
0.00949164332843979
0.00947687736952834
0.00994871787165872
0.00894580856987535
0.0102059003062456
0.010625285305091
0.00993304533693165
0.00970647789073103
0.00921265759277873
0.00996164391256772
0.0106368122059516
0.00962824322613361
0.00943039838667737
0.00923097990076513
0.0107697738270709
0.0108204216348122
0.0101176337480419
0.00978151214463557
0.00954833922912031
0.0099812391736112
0.00977300037213072
0.00954697415916064
0.00994494952363496
0.0102871570167149
0.0100123998501182
0.00904198834509544
0.0108837792703803
0.00975416672767583
0.0103813038007608
0.010295640737594
0.0106345128067771
0.0100298795498672
0.0102600201722403
0.0101715065579385
0.0104730406013335
0.0103140744987285
0.0103101252296515
0.0105771775439074
0.0104553639929186
0.00968981312208124
0.00973825128851851
0.00971772898034303
0.010055552582912
0.00961643492651509
0.0103206558673575
0.0100636162159173
0.0107053815384243
0.00917933890267445
0.00934956338479128
0.0104133668216183
0.00979737370567948
0.00967233652190471
0.009636758538566
0.00899579416291131
0.00942343304922589
0.0104641614135858
0.00975499813550673
0.0104373097216135
0.00952940849480964
0.0100248006911665
0.00890569395478491
0.00935525394126801
0.00995436391858009
0.00923635857063466
0.0095753780480174
0.00945315183831329
0.00946475924537553
0.0102135115932883
0.0093825090694335
0.00952762872784068
0.0099763341379772
0.0101734128022523
0.00986383486738237
0.00982686315472361
0.00988503551454867
0.00944221269313768
0.00950508743930064
0.00948658189633452
0.0101417442395827
0.00938390923988976
0.00896228667192395
0.0105457145855012
0.00992449335826348
0.00990006742998706
0.00943941254085909
0.00951164877208612
0.00939258422016145
0.00964271178332264
0.00993099611950121
0.00891616068250663
0.00947953172928329
0.00962948690696693
0.0101366833038006
0.0105256002635821
0.00916863246548595
0.00993631629808205
0.0101704249883326
0.00913480481697564
0.0092495630308137
0.00979292697509104
0.00902297000008711
0.0100905428740091
0.0102325560609089
0.0106074410422267
0.00956919546009457
0.0102567319542801
0.00923887355496878
0.0104177871462346
0.00969398950459141
0.00940103784000431
0.00977268712802869
0.0108094278525423
0.0100387849441998
0.00978205895499349
0.00985760005264805
0.0102583716127224
0.0104221744870297
0.00964378091209473
0.00977438003240453
0.0104626998499598
0.00938799996365821
0.0102918157689521
0.00980623268237104
0.00954389967847575
0.0105960203795545
0.0100379570242319
0.0101749136948152
0.00957878273575165
0.00989875290848951
0.0102403078446895
0.00940354702287823
0.00989258090643208
0.0104300124939986
0.00994426646546307
0.0101833047033597
0.0102420731296949
0.0100642076475226
0.0103029336148774
0.0102616166968115
0.0100927553085835
0.0100909723714808
0.00985154698167114
0.00977760449435468
0.00985316394065854
0.0107810068906714
0.00989310804634841
0.00966655406260679
0.00988571603989146
0.00984602825819567
0.0104557360739859
0.00998495144481424
0.00968132466344369
0.00921082890025018
0.00993911585853144
0.00979309722063992
0.00956712989733517
0.0104357138526132
0.0103854882867341
0.0104409945491424
0.00964089028151105
0.00963320520672266
0.00997530424185913
0.0102792630326145
0.00975101188767735
0.00955974397792648
0.0101171987630826
0.0103232831044188
0.0100903994183453
0.00995199035717024
0.0091690643694253
0.00957534580841946
0.00969339320700537
0.0100461750393907
0.00984312064170308
0.00933896353951357
0.0101140523373246
0.00964086693864768
0.0102532581130599
0.0098420565062024
0.00986064465724283
0.01009745249465
0.009983776028952
0.00951467300570847
0.0110857885020201
0.0102579430649755
0.00990275190415392
0.0102078446840029
0.0103443044898869
0.0101169578273607
0.0097955563260925
0.00933608325732961
0.00958969843924402
0.00987561073860343
0.00953713009327596
0.00883601268254506
0.0100750295231878
0.00921838514200456
0.0102622785827001
0.0102165285882231
0.00889073549722316
0.00950867386153675
0.0101696264065499
0.0102595421318557
0.0096890018598567
0.0103476169086847
0.0101614600390786
0.0100149300984681
0.00983580278107879
0.00895631331783257
0.0101111358973675
0.00987343150522677
0.00981902438629399
0.00955545277843739
0.0100162909578725
0.0107165237599565
0.0097012340115671
0.00994626909107572
0.0093381588878111
0.00970189139773946
0.00985111499412966
0.00940439579807335
0.0102230519304878
0.010149321929087
0.00987187164970951
0.00927512097272196
0.00967059144964758
