x
0.0102938704103856
0.009967225505889
0.0093859856341657
0.00984175764771706
0.0103020929956548
0.00990702364440376
0.0102759152489487
0.00993462813358897
0.0103220780487947
0.0103311027511235
0.00993972160781093
0.00949825213514982
0.0103431065026222
0.00919493738594223
0.0100693590377117
0.0100284591011997
0.0102630980436605
0.0104590337754454
0.00990037497641602
0.00974215177326512
0.00992227801325385
0.00929923451030294
0.0101533484842647
0.00977731948156794
0.0101027205239173
0.00986109789684712
0.00984897163456876
0.00964845272580702
0.0103281930108439
0.00980500263017086
0.0103764661022449
0.00874253771789835
0.0103745475317033
0.00952954685157375
0.00920062180670475
0.0098543114957892
0.00910267602598786
0.010402892614391
0.0100997940498679
0.00962629616193496
0.0103385096821587
0.00992847674614614
0.0103983815586463
0.0103094497509381
0.0106946257696916
0.0101347678017726
0.011132691581093
0.0100174888555271
0.00957446554584311
0.00996080676300097
0.0100471682805157
0.0100204709794177
0.0105341430689016
0.00988387814806885
0.00928802474783892
0.0101635831605134
0.00983243242684974
0.0104071015698437
0.00996294415840009
0.00935390711044773
0.0107201355636873
0.00998668876195353
0.0105298092053147
0.00997828930945033
0.0101049906081152
0.00981962501777075
0.0090923404624098
0.00991877238205122
0.0103002382307389
0.00981830933170886
0.00932269218074426
0.0106777445876051
0.00930817820386274
0.00878577642269326
0.0103348789177856
0.00960103579909985
0.00989137423588189
0.00929134709232205
0.00975951971709783
0.00983096249073017
0.0103464482504137
0.00957866470747326
0.0103982127866366
0.0103312224643839
0.00998984234105769
0.00964350101309529
0.00976104231054184
0.00976724423108861
0.00977158537661794
0.00991764075384758
0.00959319317420472
0.0096109645620566
0.0105159534394423
0.0110795446082783
0.00977582698391794
0.0104446689391754
0.0100262453633971
0.0102460795856776
0.010475126090138
0.0104619173029189
0.00971459055886106
0.0103651762843342
0.00965277165326416
0.0109063353066074
0.00994154483892616
0.00931206901829516
0.0104666395777814
0.00899536354600882
0.00985702423483305
0.00994291810665978
0.0106257786470965
0.00935193012809488
0.00928055601667035
0.0102228114796864
0.0100335722081291
0.00997137286776228
0.0101844354679098
0.00968277080377083
0.00969609890323827
0.0103755522455423
0.00949981660420753
0.0102764866850367
0.0109417963023683
0.0107358692001902
0.0108913650222812
0.010540532006107
0.0102801768804835
0.00961290460782676
0.0103333867824055
0.00880382033151876
0.00941820792418792
0.00924933913700248
0.0105563031590181
0.0107971290359163
0.00919426952812041
0.0104072467011724
0.0100680323308272
0.00946966699056114
0.0101802223238717
0.00980938948941831
0.0107771053222692
0.0104719532061632
0.00968861295249216
0.00996088351098207
0.00952288098065764
0.00989499211181149
0.00990677513827988
0.010319214141473
0.0102837433317429
0.00936725195417282
0.0103905535760361
0.0101386800393823
0.00944874616158504
0.0100290140091536
0.00890957438819068
0.00970410972747311
0.00962674945355423
0.00977401658724212
0.00983540651360804
0.00933946530140561
0.0104920234356495
0.0103661441473424
0.00921183254334477
0.0100150416348459
0.0103802943128855
0.00982829015943659
0.0103352464761265
0.00981350052898153
0.00949720576565171
0.00977968551771004
0.00973903847823986
0.00980147798445122
0.0096087151493204
0.00950265312046981
0.0102760637404571
0.00982350633046222
0.00992597158751935
0.0104770024094206
0.00963498765664321
0.0103565939735458
0.0104277458679143
0.00984986490419067
0.010042696925457
0.0098181657426724
0.0102153212478079
0.00887481779789231
0.00906756891546998
0.0101125436599291
0.0103152717496572
0.00992564808469518
0.0102194674359431
0.0104391087306129
0.00962126111517661
0.0104648745044294
0.0100009852747948
0.00941822277364851
0.010224976048091
0.00984053693346402
0.0109503057919363
0.0107133683618209
0.0101603934151115
0.00984959540941734
0.00865827352812418
0.0100345595329836
0.0095168020738048
0.010260448899901
0.0112136267714056
0.0102522025830662
0.00932358998441278
0.00924615458663823
0.00954119080751904
0.00984509021220748
0.00980134242612836
0.00976037684044337
0.0104433279290494
0.00969004899345557
0.00967484050152877
0.010493965008645
0.0102064818182618
0.0104211378957719
0.00969350438165949
0.0105080666967211
0.0100749930325898
0.0106594054765082
0.00938513011438242
0.00994152408823625
0.0102638904002833
0.010493480435238
0.00947579328752685
0.00984224382901943
0.00934915688356507
0.00960175323839982
0.0102151535555577
0.00986211246343647
0.00934819554424019
0.00991269821678001
0.00882829484511276
0.00986167912092169
0.00965492790826679
0.0107307912191639
0.00903688965780393
0.0101495320212361
0.00970506435147987
0.0102499070089839
0.0102607489023055
0.00941367486783794
0.0102711570935124
0.00901898564244089
0.00939640359992795
0.0101780324209146
0.00962244667218277
0.0100147164943641
0.0100692957482339
0.00949884668748644
0.00984527269408588
0.0103334461310431
0.00952619699789575
0.0102576394390159
0.010685422105086
0.00982847489802679
0.00925675001139666
0.00979858051755565
0.00976904020128778
0.0096589022140332
0.0102282106644843
0.009250031618908
0.0102534803332785
0.00970341931533327
0.0103923724997607
0.0102139744342846
0.00920204283648525
0.00978239400286565
0.00934748215831308
0.00953747720831882
0.0103217904426456
0.00889932734549
0.0104783639061157
0.0096872316208028
0.00990126351470967
0.00908732922894308
0.0101901048856228
0.0102603286043169
0.0104198912037236
0.0103257381728459
0.0094242576808579
0.0107355574384554
0.00970744223476748
0.0093507511132178
0.00979451327555854
0.00969739497145844
0.00977170920494447
0.0104690721978869
0.00956744494378358
0.0106937181638391
0.00977623309559227
0.00871375030201305
0.00995106744589816
0.00997059240477763
0.00990528220802408
0.0108779023222234
0.00930183712122146
0.0104245267545564
0.0100444205402183
0.0091007803172344
0.010606108192339
0.010132945160834
0.00944731337378606
0.010206652974549
0.00992750250207862
0.00948453907522692
0.00985302516768912
0.0102454966909448
0.00963811581823374
0.0100110793078784
0.00991618430568381
0.00922131859028587
0.00957323095539389
0.0104566214989167
0.0106592889502001
0.0103887740133152
0.00984275685150041
0.00974039261374894
0.0100854615407223
0.0104144074347336
0.00994239454702061
0.00967823055334023
0.0100992446019934
0.010026169319151
0.0101729371558538
0.00892709946213506
0.010187212267043
0.00954646932324345
0.00937439235390895
0.00943496505877436
0.0101120964191447
0.0100035760630466
0.0104109244881833
0.00990860639283001
0.0102564345921494
0.00898047046861555
0.0103035581704112
0.00996498488519537
0.00927545073689414
0.0101301291710606
0.010173654971077
0.00981938130689698
0.0101110570260395
0.0102134464791326
0.0096062337449769
0.0106151170763666
0.0107271326784477
0.0110788795307639
0.0100592696487993
0.0103470924394602
0.00963423262214812
0.0103086611868079
0.0107080058582915
0.0103076149898702
0.00982962980225401
0.00983580311332869
0.00997182824427295
0.00953557108521697
0.0095746679824002
0.00958142423816176
0.00968052276065118
0.0103294054015543
0.0106877633149906
0.00983358094397618
0.0101093444212754
0.0095939150234336
0.0109959095184281
0.0104156364100403
0.00968095985254252
0.0105063610136741
0.00985067481180554
0.00967797895241403
0.00937463229237952
0.0095688605589457
0.00908325725755266
0.00946447826531577
0.00928688122846432
0.00951231945588855
0.00983418464942333
0.0105751218689749
0.0105869404564774
0.0103093370984936
0.00976306252904461
0.00986532755610347
0.00955633035651312
0.0098882534208564
0.00987084881160036
0.0109653967337796
0.00955862063263518
0.00924640863565449
0.00918813211473468
0.0111314570189743
0.00934933186610419
0.00950239934823139
0.0103435866356317
0.0100158703910631
0.0101292330677413
0.0107160367920967
0.0109164244949848
0.00957458857337319
0.00960848641091734
0.0102842192408065
0.009800354104933
0.0107467205127287
0.0100127152128223
0.00996214846120898
0.0100795759354897
0.00910375279488914
0.00978621795645045
0.0103293377924731
0.00972147505593514
0.00956458615741256
0.00968149449917786
0.0105993297517356
0.00942348550753711
0.00953855016087225
0.00970297047105891
0.0104261995445355
0.0100161438127023
0.0102436278765517
0.00938219618263074
0.0104436467300382
0.0102479010294508
0.0102843597517453
0.0097150285762509
0.00953079236768607
0.0101450479042179
0.0100206129146236
0.00988751297232383
0.0102782724692734
0.0103896470843113
0.0098804668715438
0.00963865247221462
0.00981610194737162
0.0110565157450104
0.0109363426203192
0.0101603016309205
0.0103737016170046
0.0100991993491969
0.00981331497670605
0.0105148639863381
0.0100156488730829
0.0101201114229141
0.0104103902362123
0.00970294673867025
0.00968924115642598
0.00922775468745772
0.0100252057760457
0.00990325562720447
0.00898014683522959
0.00923890884754898
0.0103649599888929
0.00985969290960519
0.00966714201587046
0.00967784522453405
0.011237024263895
0.0106063800645996
0.0105448603285878
0.0096075132502939
0.010398410805687
0.00998457190733198
0.00958764939754345
0.00969155089285967
0.00993454282809539
0.0100705016355792
0.0105193977009574
0.0106736407636386
0.0098515892373228
0.0093666654563475
0.00997034378187715
0.0112000169766717
0.00929130125688678
0.0106564025005903
0.00954211976426834
0.010333774328742
0.00970949681576388
0.00995792503598383
0.0101773005384727
0.00990060434706357
0.00973149887567568
0.00978193696562942
0.0092276463179025
0.00969147851186769
0.010031928751479
0.0106596265963866
0.00918802926910428
0.0102746255302449
0.00998611038951375
0.00986841411147048
0.0102710516577349
0.0102838841532495
0.0106740573110521
0.00993307994983924
0.0107123154435778
0.0106981763329323
0.00979221701471333
0.00957643909997507
0.00985184231708136
0.0101086726502806
0.011323784346936
0.00995613733437522
0.0103027063555818
0.0101415478077817
0.00950982572514323
0.00926012170807745
0.0106442952226224
0.00951408114243835
0.0110076478459866
0.0103441133835774
0.0102106822267954
0.00987425553570541
0.00953285519123759
0.00931973219296625
0.0100886388838841
0.0098393999113974
0.0100607459129678
0.0105907812233719
0.00914305824033184
0.0101587467159605
0.0101016529227312
0.00969817465048121
0.00905380732572984
0.00963807642208645
0.00975426202293019
0.010660971957907
0.0104531814125546
0.00982464683326423
0.010525014255449
0.0104455354828807
0.0098117728884697
0.0106564798304835
0.0111034841937458
0.00967495016648856
0.00959443915754286
0.00899546525265889
0.00963604027881938
0.00953117051681029
0.00977866043592408
0.0102485658129
0.00969085205245714
0.00959429790627946
0.0100275517131195
0.0103493631135125
0.00937165616043771
0.0100810204116108
0.0104565596910039
0.0103204632527799
0.00972925355249539
0.00938400408839728
0.00936786861612095
0.0105519306523518
0.00895202928179928
0.00922741840354263
0.0097164190221908
0.00988705906948213
0.0107362677882333
0.0106790373788594
0.0103653725667047
0.0101639708955945
0.0103196789263675
0.0108179605833987
0.0101029088171474
0.00980222301295011
0.00980703206162508
0.0088408853654495
0.0101786878867322
0.00944098653559955
0.0101171097432002
0.0105251335033687
0.0100915108203489
0.00968036893267479
0.00968071959252443
0.0102744019091597
0.00951185275167761
0.00987445752069909
0.0100280820087655
0.0100666490908764
0.0101075907275084
0.00987717931008932
0.00922227391925053
0.0104629228560785
0.00974141021889043
0.00995306291664136
0.0104520177024601
0.0107875495778124
0.0100736776823399
0.0106392983782674
0.0100533353325873
0.0103025132876344
0.00922589016842501
0.00966653742291163
0.00948341733550126
0.0099769994429302
0.0106068056821006
0.0107035583600973
0.0101818197470071
0.010408771075948
0.00938444219349614
0.0106222350902767
0.00994264160435392
0.00979882627721079
0.0100759977837416
0.0098359550029583
0.0103040270351343
0.0102945518288219
0.0103052336375461
0.00996289202201187
0.0102835320061816
0.0101366543115513
0.0107788981095997
0.0102885464725757
0.0100979368471787
0.00982824690793317
0.0110787323968176
0.0102658228063007
0.00964507141192454
0.0103821021665765
0.0100615124982408
0.0100831142832594
0.0104755794970489
0.00941044974456172
0.0107189676258882
0.0105686748749138
0.0103380478105293
0.00966274511563556
0.00932043309954846
0.0100648020172706
0.00996308576681289
0.00977530906044519
0.00925037958567733
0.010167171707947
0.00977547999857148
0.00968932438408595
0.00932653153600765
0.0100479032994412
0.0102944269426296
0.0101518485633088
0.00950482119405919
0.00964601360526549
0.0100457923234555
0.00993873879963369
0.0102005675916758
0.0102377684293298
0.0102102915574726
0.0103185465397906
0.00957238791843405
0.0106551570139014
0.010067599146967
0.00906060895560469
0.0098963425016434
0.0104227114368154
0.0100652595523863
0.0102402431718524
0.0107332861689654
0.0103175650550435
0.00993934976666369
0.0103117566843097
0.00992768664728328
0.0100820254364339
0.00959038860709129
0.00973065551816128
0.00953655132369717
0.0098483934618671
0.010251589722911
0.0106929817133283
0.0112061587325356
0.00986917772585184
0.00937641819474525
0.00982309070221832
0.0101426680701218
0.00985198367661887
0.00991665522981345
0.0102955048706719
0.00914452217860916
0.0103722128414412
0.00990382111991881
0.00954743652451673
0.0100974913544847
0.0100219413999403
0.0101943017043039
0.0101831778463396
0.00945915068675535
0.00989208601164727
0.00944336216723071
0.010233479987448
0.0104098700500732
0.0102641575466259
0.0108134122012987
0.0108847184489985
0.0113460612853069
0.0107670194766695
0.0102523223514997
0.0102528357054177
0.00988843957712963
0.00971850246754977
0.00942366580440078
0.00931456093582489
0.0100314290952471
0.0101561138444513
0.00929540308176854
0.0107994744430218
0.0103679460809763
0.0103769420008369
0.00941280501886749
0.00950601773486017
0.00963124404695451
0.0104468109653088
0.0100488524216551
0.0101637861202375
0.0097345411415766
0.0096130241563837
0.0104155427678512
0.0103444069653162
0.00977729899469305
0.00995109869769917
0.0101076483615559
0.0105312391512516
0.00946788321514013
0.009576497071622
0.0101348571171382
0.0108113934708387
0.00965492222716311
0.0103101415492518
0.00930855931420047
0.00988506144070046
0.0101835174028372
0.0101200076364158
0.0098795017684821
0.00950403901001779
0.0101205822393677
0.00966811312980336
0.00956473496369363
0.010004272790044
0.00997064898920622
0.0104796482221062
0.010275648112041
0.00917080608323211
0.00938905583405411
0.0104307682783365
0.00974149175512235
0.00886756156485204
0.0102287930324987
0.00916644989310404
0.00993633367300311
0.0103694550315244
0.00969438124478936
0.0105658249262632
0.0098925300254845
0.0101544542826661
0.0100958417086411
0.0100487476651154
0.0102487850565555
0.00985142788937428
0.0102824967942644
0.0106317431506482
0.00925347897456319
0.0102781128186357
0.0106833184675306
0.00978514061981213
0.0101697840175214
0.0107574126437586
0.00991845245679323
0.010119081167079
0.0101844788003555
0.00929422577552607
0.0105610994703993
0.00952964037461575
0.0109297732356628
0.0100103456267931
0.0103550418383871
0.010240686079604
0.01012525602887
0.00985423573592224
0.0101495543691875
0.00981373836592851
0.00936192911627682
0.0093704110857099
0.0104358412931638
0.0103799138973928
0.0104771560639159
0.00949365473402577
0.00918421468296261
0.00962112431866052
0.00966589013958767
0.00988186385468017
0.00902108693835349
0.00971522522203814
0.0105762037588651
0.0100319769975552
0.0103130549090537
0.0105042651032549
0.0100089038281302
0.0102231218420659
0.0102827766456195
0.00925823367099098
0.00914742576897784
0.00944678006971311
0.00944900171429527
0.00875838541309109
0.00911178585799368
0.0100055943454543
0.00967592343929736
0.0106921231489695
0.0102193222827168
0.0102600923275748
0.0106871447238708
0.0100618107681343
0.0107280644670605
0.010864058426177
0.0101086724837354
0.00918236048863745
0.00935456574701059
0.00986316602920237
0.0102558355309674
0.0102549784423037
0.00992314425806831
0.00920348241750922
0.0108677620480275
0.010841810818117
0.00918344879107034
0.00924403076860239
0.00968809676202195
0.010525852752734
0.0105672619175941
0.0107432468324707
0.0103833714859857
0.0106112191558831
0.00945933439299464
0.00954010273863683
0.0101603296955248
0.0103575402726972
0.0105503976073949
0.00993397962458341
0.00966897531218113
0.00932611457797754
0.00944909947591949
0.00959915012513701
0.0109221925428482
0.0093513857629362
0.00975965482126507
0.0101950610073113
0.00986492526945313
0.00983106330175545
0.00983281898154581
0.0102941177891503
0.0101501451769929
0.0106557873779803
0.00945722016742121
0.0102858840990818
0.0097911855634186
0.00965983361182146
0.00968383039704804
0.00940078162561822
0.0103050923395039
0.00991415868828751
0.00973353307220562
0.0104805216781231
0.00882933744815235
0.010277979623301
0.00942809670824916
0.00992547318161855
0.0101791505171729
0.00981962043784181
0.0107137061374845
0.010710220389732
0.0106597766696731
0.00972958874740873
0.0101689821799406
0.00996443366802436
0.0106723015568935
0.0102522009480059
0.00926592872066948
0.00961912742231702
0.0105976655894735
0.0104675972312903
0.0107057066692741
0.00959030043709764
0.00988303787702806
0.0101577555699515
0.0108243021655087
0.00908096653628955
0.00947745379069668
0.0102042815155792
0.0100334174879453
0.00955366800878914
0.0104897391631165
0.0097504441147559
0.0100232091114105
0.00978523318098159
0.00945553051794228
0.0110050181633171
0.0097598830124013
0.00971546747596457
0.00969038039871174
0.0102351997557238
0.0103210427231258
0.00998020440494087
0.00920882388555033
0.00974739548768012
0.0102081444214993
0.00860191219717368
0.0102258350534304
0.00957740527900682
0.00923631700592449
0.0100199179061262
0.0103302767849155
0.0098091482026046
0.0104193109328081
0.00986355559904336
0.00992357101754767
0.0107759500039841
0.0102500012909057
0.0098841853926914
0.00984558483775296
0.0104858299628527
0.0101819427379958
0.0096359121227365
0.0100007632321263
0.0104349244120694
0.00958152255506009
0.0105910480546764
0.00979862807050925
0.0100264001775664
0.00981938864344444
0.00931749536131866
0.0100641029931452
0.00938313871300793
0.00977536631494934
0.00976114633654617
0.00979893717045284
0.0103739740821366
0.0101269797256889
0.0100038129979635
0.0100265307463171
0.00999754753656497
0.00918074849947535
0.0103784291243364
0.0100537777809061
0.00999869430571548
0.0104998756161366
0.00977025513149616
0.00995817051045646
0.00945026110716157
0.00953455667563713
0.0100767352918041
0.0101237661916454
0.0104471766460995
0.00996033854578914
0.0101523203554079
0.00992178419876122
0.0101440619784149
0.0105048134843761
0.0104153042436715
0.0101433152029479
0.0099057653378306
0.0106245689285509
0.0104216439940863
0.0103141682602952
0.00955071861621973
0.0100493710421967
0.00958799839854026
0.0104768332245882
0.00978825365542232
0.00952719579594583
0.00996234994214036
0.00925712578826653
0.010598792803998
0.00979325024571838
0.00915018601656118
0.0103094277447472
0.00984783619547202
0.0100273829406271
0.0103402578733843
0.0105717493231382
0.00960455996038958
0.010141632231122
0.00903264614425207
0.0105174113910349
0.0111107957576803
0.00961377626554565
0.0107441427217527
0.0108517454645468
0.00924228442407853
0.0100568832733559
0.00948746285166343
0.010663613144667
0.0101701724857538
0.0109898204654465
0.00975735080198853
0.00997444141455033
0.00998935931692582
0.010007839364886
0.00914150176589865
0.00905556574652947
0.0102035391351066
0.00961079262164482
