x
0.00955145852272983
0.00999819812326411
0.00973458484631203
0.00905309888921768
0.00906822003462059
0.00894976095640868
0.00945419161479657
0.00904089279668121
0.00898873493339439
0.00997388648211924
0.00976979037120921
0.00958067745368684
0.00850181961769758
0.0100581043813158
0.00978551181577539
0.00927474527170228
0.00993825811051155
0.00914159883550467
0.00956761948486703
0.00974620700653449
0.00824712003772182
0.00982747490727377
0.00931935711393279
0.00874289603303373
0.00953677382269415
0.00881663907742819
0.00981818818890039
0.00982549838083493
0.00936506726806456
0.00950132739633878
0.00880446276158266
0.00984843863823151
0.00957576930175005
0.00841628299681297
0.00947644596090235
0.00920208518229272
0.00968108369843148
0.00977754981280652
0.00929420999174819
0.00999021375372623
0.00897333100638301
0.0091268441518665
0.00938030150806983
0.0100894972613247
0.00899117749532975
0.00904110570716224
0.00978548024215473
0.00906573850429447
0.00957039326661135
0.00960507186346846
0.0102699281706808
0.00950716257985344
0.00972211120480841
0.00898437625639035
0.0093052031274284
0.0106946075369229
0.00903857334372519
0.00920368402640285
0.00913938608483767
0.0095809603366977
0.00984066704953414
0.00971944586365754
0.00877092972669761
0.00957986450250246
0.00953053538610704
0.00967088928567271
0.00858621052845132
0.00985132323280585
0.00958608130150681
0.00931031652082734
0.00888300923188769
0.0100903071377078
0.00921937943242327
0.008363591211145
0.00982376049490135
0.00892913195770275
0.0102525969209512
0.00986339128772002
0.00984280991379976
0.00983880514049754
0.0097637293506582
0.00937312085390826
0.00927490710643124
0.00894242564468041
0.00964122342079231
0.00925887471874275
0.0104959000305966
0.00967501976718373
0.00959233187158906
0.00878725640534351
0.0100096969586362
0.0093020950442564
0.00948855871649981
0.00981209554625033
0.00856413712325947
0.0101507471352263
0.00922959768947429
0.00949111860764555
0.0100866443573764
0.00950552397689965
0.00939670318378013
0.00918618469157392
0.00952733474533177
0.00912309739062015
0.00966765304767858
0.00971969866585377
0.00895485293879671
0.010100773854256
0.00875599003312366
0.00873097037718114
0.00875810289393246
0.00936094196529209
0.00958658414485068
0.00936594841369949
0.00854999192278777
0.0087822496423152
0.00979874506958376
0.00888118553424476
0.00971736167594698
0.00933202588089979
0.00851239402663471
0.00967921767807932
0.00994067236346207
0.00999863533617981
0.00917339840429092
0.00978891180167634
0.00936715152439628
0.00886170546205861
0.0081831170971827
0.00925338526836517
0.0091253336331737
0.00936086920709089
0.00968998974480061
0.00946703997298661
0.00943799664119687
0.00903275811018469
0.00980919166688463
0.00841569570319476
0.00902443745194862
0.00936624829191752
0.00849425737810455
0.00908422839879217
0.0101136377234603
0.00907566936178513
0.00877683370129879
0.00960878784901105
0.00926136712506589
0.00872862991089086
0.00947296243452707
0.00972463239542865
0.00950463509886617
0.00979691860971559
0.00855883024267751
0.00920929904075237
0.00973182821711292
0.00923403562886911
0.00939410421525168
0.00963379513655519
0.00906233139683274
0.00883810775863519
0.00835933016035818
0.00920944323194601
0.00928542246839717
0.00988636328373099
0.0105315855043466
0.00957200226717212
0.00974962221047794
0.00951819438992758
0.00855699417577144
0.00932171291574618
0.00930544771877767
0.00937540583929186
0.00903603972600063
0.00887536276388871
0.00890473767256436
0.00975983486891669
0.00908948688448705
0.00962463171905715
0.00936125008859673
0.00934426220053809
0.00858778714996563
0.00894006662326785
0.0104097066146966
0.0101232934833957
0.00959439603418101
0.0091255062297307
0.0082432054949722
0.0102966480700491
0.00892299229707749
0.0100136361428604
0.00981852255803
0.00907532013684617
0.00935428585238176
0.00992263089604179
0.00933717743401463
0.0097166275676285
0.0096195068298445
0.00963739588269371
0.00984973983144219
0.00968361690350846
0.008522121229063
0.00907382443922172
0.0088641063524458
0.00952480449867642
0.0100747783098085
0.00924496066980112
0.00858889849349129
0.0100180119618928
0.00928445890306733
0.00865356003914422
0.00855226512548319
0.0101590312318692
0.0102720363025612
0.0101755360403718
0.0101787311282051
0.00907131412564408
0.00967763496090215
0.00878557144520879
0.00893774737844784
0.0100527629579478
0.00919393834527637
0.0101837769602143
0.0104329197688693
0.00949584901760689
0.00946978705386158
0.00911899455675384
0.00909044348045536
0.00955713875556099
0.00908686320606444
0.00847525020555071
0.00906432917316287
0.00960706560676387
0.00811057031709882
0.00945352961604477
0.00995160963762643
0.00967114320054788
0.00980305920621611
0.00926469936872988
0.00882037087360851
0.00910207748993226
0.0092060522248069
0.0102640180039237
0.00875477807430141
0.00971933352437146
0.00981579744704324
0.0092333707898261
0.00933554020935966
0.00938371112713953
0.0104992360838957
0.00867318047633153
0.00937007229920883
0.0089079287838249
0.00920924605005699
0.00914963866284332
0.00940305367908986
0.0100286082781037
0.0100231386518621
0.00932784259459809
0.0100621902924255
0.00977093173228233
0.00913957127146753
0.00947953809740993
0.00874330295216598
0.00915253072078226
0.00970340930206454
0.00954249261991357
0.0083123922200714
0.0101192760677439
0.00968947686009861
0.00938930680454606
0.00934538779725414
0.0103301074998192
0.00935855168760785
0.00957001044065384
0.00947093991324433
0.0103149898140737
0.00923679225907416
0.00956361250829625
0.00911980012735667
0.00828662480229298
0.0100945402346574
0.00909248393377812
0.00892809947226142
0.0102914068457743
0.00909804190480243
0.00974508571811804
0.00930590749899137
0.00965027252512139
0.00927661806526759
0.00921399181321461
0.00845714735965278
0.00972920880630621
0.0093328599391731
0.00950632895426428
0.00993744482459831
0.00924266495642153
0.00976255771017621
0.00905787292893941
0.00995270581404159
0.00903806042122408
0.0086841880603412
0.00936886559916485
0.00932164136045981
0.00887318499047396
0.00924872174756016
0.0090111515601453
0.00937903717515189
0.00888926127459293
0.00978229060372635
0.00917204946023724
0.00924598591912355
0.00953617402566156
0.00952496612065035
0.0090970473390887
0.00961237452269149
0.00975057444302943
0.00873248622036979
0.00938431192057976
0.0098682146786171
0.00955895730269241
0.00953536512518439
0.00983045077831791
0.00901422485110714
0.00936742504305222
0.0104073136433186
0.00995398848846238
0.0105113213495335
0.0101122612013655
0.00890117182931273
0.00906571105131062
0.00959175168532499
0.010572460891588
0.00832305383445544
0.00840456761756443
0.00958633302885934
0.00875773149057844
0.0100549272604934
0.00970158296690319
0.00967463791804833
0.00902967477673668
0.00944815163719746
0.00915234466358463
0.00948449320809304
0.00934902012713242
0.00890942751071648
0.00993495945960269
0.00873862264736336
0.00891898458787298
0.00920869161038163
0.00994339291115598
0.00865206942449178
0.0084736402883383
0.00926662374574675
0.00884966154703615
0.00898730222073838
0.00903625542545536
0.00991507213733096
0.00971404815064632
0.00946217139253253
0.00939987573997766
0.00911303747256972
0.00924050473479522
0.00877368446756736
0.00914412044348482
0.00923591940418822
0.00958983979492931
0.0100060101585198
0.00906808912973223
0.00924997324558639
0.00966295625172125
0.00882674009605738
0.00949607414086981
0.00894058240711735
0.00895872646855871
0.00994074511686585
0.00928699307707573
0.00959510017196766
0.00919645687425879
0.0097619367997238
0.00827092581157382
0.00878383790240934
0.00944647846612639
0.01014419686287
0.00919308312995272
0.0096649816424989
0.00891860982125619
0.00903378167442959
0.00930061685587
0.0086937693544891
0.0096575996383114
0.00941649200125661
0.00913833483825131
0.00859814744874188
0.00890348092038627
0.00966430934803228
0.00998463733854397
0.00887916482807753
0.00958297766041777
0.00923933689444045
0.00929936735966187
0.00969081511811726
0.00947051826172973
0.00940639891973664
0.00957026621185783
0.00934140022879697
0.00928335061057569
0.0091813319407731
0.00989963187372724
0.0102367307079252
0.00903035450911666
0.00899200140520503
0.0094986790938849
0.00916404521764827
0.00999553994021552
0.00933116973485237
0.00900728353692638
0.0103121813147672
0.00874300796850248
0.00885436810011545
0.00906141478310884
0.00902776939678207
0.00880407269511205
0.00945407500717653
0.00971275018011812
0.00890394871728674
0.00931712933314874
0.00929194536290867
0.00922071347126216
0.00876804618152801
0.00822496603809491
0.00888531818392493
0.00945287282737882
0.00886050813394026
0.0093010041307228
0.0109411991413824
0.00892084435653617
0.00868141556100049
0.00989918414263219
0.00980348574292029
0.0098656492216187
0.00915959720132646
0.00982923616608135
0.00971361040377436
0.00931651027366585
0.00868379228984127
0.00976343990800321
0.00970375277347742
0.0100514624185187
0.00938965551941578
0.0102452270382061
0.00924630182833411
0.0086089741678598
0.00909422895230523
0.0102858385242133
0.00885408483868606
0.00972777206620791
0.0101268709324282
0.00984944496898487
0.0104536074839075
0.0087511462823163
0.00972357959732315
0.00940220518617971
0.0086293893236502
0.00924184957023724
0.00984830543549695
0.00888136874736657
0.00907218249433293
0.0102527468585964
0.00947895786467224
0.0102107070106259
0.00985803008608791
0.00998204615348439
0.00923276649196366
0.0106848798777405
0.00926846628741677
0.00925931342433299
0.00981129938177054
0.00959784547549179
0.00962933209547339
0.00965074578490152
0.00895396790533664
0.0090794825559481
0.0101218417794836
0.00984576651241014
0.00950859721568745
0.0092215635301243
0.00852060800142194
0.00939829450147364
0.00943226782449885
0.00985336593384704
0.00969722191307553
0.00914629676307621
0.00935182409961408
0.0084891620274248
0.0093217331915738
0.00892016750479334
0.00929320880588512
0.00849788449491575
0.00927945599041993
0.00777810575369269
0.00879036472258981
0.0100017288474165
0.00962641586981486
0.00931255691530222
0.010669080018327
0.00966586470082177
0.0103218193431311
0.00913789012688916
0.00926720917849723
0.010081932910213
0.00925970059992998
0.00938631157369566
0.00888976668931557
0.00958367820016554
0.00985009732580969
0.00935980893986494
0.00995642743201554
0.00955458025286625
0.00905983613349642
0.00873418842243505
0.00945866318704735
0.00955531243587088
0.0101402523671217
0.00876164679062658
0.00864173341207608
0.00948149896418908
0.00917787085785913
0.00972139433335846
0.0088484968454876
0.00937610020510794
0.00919441840841152
0.00950941657481064
0.00938602072063815
0.0088966524648034
0.00998615355284943
0.0095988472512524
0.00918414724738359
0.00946213805162862
0.00973426221474641
0.00870705914325614
0.00998604813393925
0.00917125941701112
0.00983142793429158
0.00966647813512655
0.00996741061819079
0.00953940710029887
0.00862619503915783
0.00938260073717554
0.00941324313867613
0.0095764108113485
0.00846911653322557
0.00875645286768146
0.00934726508065969
0.00927497667275567
0.00926943489959411
0.0100266897693401
0.0093310773434122
0.0101971436427602
0.00901145036524675
0.00872087181810797
0.00936024738359725
0.00932256433045681
0.00941093609540833
0.00955636668824552
0.00956254103393083
0.00965152695308112
0.009429677543679
0.0107468746375675
0.00942370685241895
0.00918549485114209
0.00902792445995232
0.00969800847912227
0.00972313645849363
0.00896524477706597
0.00982194969612545
0.00951475941171955
0.00871581298802157
0.00925803844278793
0.00929372980229545
0.00890411062330979
0.0102163587666845
0.00917830648183262
0.00820188151668592
0.00916772641557872
0.00964025877924311
0.0101097404991068
0.00969872824107459
0.0100124658230151
0.00918698590673511
0.00907894087000351
0.00908830675868337
0.00813650022597991
0.0100290552465401
0.00952748384091526
0.00931823284945882
0.00925869035787462
0.00960000129608031
0.00838333505152203
0.00922178726154083
0.009646144021094
0.00892798157947513
0.00887485292071218
0.00987568990359818
0.00953657616967873
0.00962432160812904
0.00962907833484531
0.0100786656840413
0.00900201750678484
0.0101279974696955
0.00996108432644727
0.00922104615453367
0.00930160822735366
0.0106387460347587
0.00886262448938171
0.0101704781715146
0.00979367306177308
0.00922945406510052
0.00894810562094452
0.00917947038602765
0.00946730601937251
0.00956554476441773
0.0088289200479779
0.00791532071261099
0.0085704983201059
0.00919452797209108
0.0100490106938145
0.00885682244634774
0.00950789780606628
0.0091398291213749
0.0097943134326505
0.00954911677879939
0.0088783432320585
0.00997425944202553
0.010145207984234
0.00917466815950115
0.00923077598077235
0.00878302316605022
0.00937254234506116
0.0093060361499585
0.00941729122045857
0.0087070622229353
0.00957636093511098
0.00945356807718006
0.0100590539759481
0.00849198591653274
0.00995915957116848
0.0101767450441675
0.00938916819041501
0.00956061068708873
0.00911815263051038
0.00966244608027395
0.00827525014796171
0.00899843840909371
0.00887735147497323
0.00950065889540105
0.0097847685657648
0.00952631491822501
0.00914401193546597
0.00980790890621391
0.009706524895627
0.00961927201643232
0.00900464413476639
0.00893021752273824
0.00846121890228553
0.00952917532390265
0.00914857269612577
0.0100686932656493
0.00960600204941847
0.0100291918015044
0.0100341783828376
0.00924688591190292
0.00981438948853918
0.00910616015411136
0.00829040654073642
0.00947676181877393
0.00932698786620045
0.00883666615467307
0.00994771204243544
0.00926799366022148
0.00977795725103644
0.00893928238082933
0.0100349298983559
0.00953732396547641
0.0101847848262854
0.00993512224430683
0.00939519243664701
0.0097042607035864
0.00975198560976073
0.0098925746765542
0.00919873111257693
0.00925292961032036
0.00836555878937391
0.00904641939228178
0.00941084358651359
0.0096041931837494
0.00876440063353671
0.00988510658396127
0.00924098111243285
0.00985877972268707
0.00994894595947122
0.00868668980649165
0.00905035868020396
0.00959286756088213
0.00988671099830572
0.00906865700406008
0.00994641473727071
0.0103597471404828
0.00980268949677696
0.0092709699279545
0.00897437288647282
0.0100431006715886
0.00888106812499411
0.010061380491848
0.00894566985229278
0.00875147614886289
0.00975476201154664
0.010111466217573
0.00951358905759322
0.00845712948115169
0.00852255214581613
0.010113253194933
0.00906055957232279
0.00969680738013719
0.00943402686461239
0.00956486943782188
0.00953284858081627
0.00905970959475739
0.00969276377298748
0.00909242609580615
0.00914666913640728
0.00975693507033509
0.0091481378109374
0.00883328476901484
0.00911061583594142
0.00995684592084539
0.00942703549751081
0.00990455370237866
0.00943712698805832
0.00926053797424219
0.00972585935163088
0.0100128100975739
0.00980661840229399
0.00883542290093625
0.00897386094643147
0.00959424188052994
0.00934063135600405
0.00988467358503505
0.00927579178169217
0.00949273047355098
0.00892921433758503
0.00966136829216381
0.0098064548286968
0.00880724115042713
0.00871966855504814
0.0090177718186336
0.00971252698816626
0.00838185227219688
0.00924259301116365
0.00986016197550341
0.00927569209409551
0.00837950410404718
0.00973968191678936
0.00970670761242843
0.00901799801241724
0.00935786654289472
0.00957509507505538
0.00910670445392626
0.00989836982988741
0.0101867811973141
0.00927247164044519
0.00858976023944979
0.0106930450522007
0.0099681958709931
0.00925718042122764
0.00905253644103807
0.0097689357155611
0.00968802928735599
0.00847774402174666
0.00986816824715821
0.00933830781910578
0.0100521035648153
0.0100907259082894
0.00878292640888019
0.00867736560335701
0.00925972688048882
0.00984064074450022
0.00971466965586582
0.00827376565174317
0.00887739434633133
0.00988911873006191
0.00922169571665655
0.00976425467097863
0.00949814413383925
0.00938833930112577
0.00929620646811216
0.00902356370177335
0.00886309412866283
0.00965019700308145
0.00957156558524546
0.00979172222995379
0.0095058331019433
0.00992633097330937
0.00923427372631586
0.00953909654712664
0.0101083582981145
0.00881690866655651
0.00972151210266583
0.00944712996391379
0.00873261521228536
0.00854994705316503
0.00910663691118851
0.00971328254452825
0.00986600486525992
0.00918708928165718
0.0088137023549454
0.0093306630038814
0.00909834868481519
0.00829880756320869
0.00969788262496317
0.00915898415193394
0.00945307215075589
0.00873050139765377
0.00930347530241024
0.0105937011421316
0.00977478248845367
0.00910111785222454
0.00951920256445674
0.00927298225632478
0.00976511159712262
0.0089028065826291
0.00953148363408252
0.00904316884898206
0.00917060366563824
0.00878983121634959
0.0086324877599459
0.00908468546475802
0.00897565106293542
0.00933545941536901
0.00851111398073392
0.00913394892762361
0.0100046455095655
0.0095855339950296
0.0091347712089624
0.00885929984237849
0.00920445169896742
0.009506633538303
0.00990518740991947
0.00928921660527974
0.00926346069987442
0.00874326156786305
0.00995095248810219
0.00971241987859269
0.009394639905452
0.00899015315500957
0.00957782811264765
0.00924248389353521
0.00844449968207454
0.00972568252042444
0.00928185441813731
0.00967886140886419
0.00936392358838522
0.00960860274110618
0.00968232145442662
0.00986620408278299
0.00916425281688907
0.00873212751244724
0.00911077325532693
0.009243434832749
0.00976913786108374
0.0100321205802883
0.00848616044847559
0.00969231012933521
0.00919227361936386
0.00926263315688849
0.0097395831892693
0.00917432767716574
0.00961242851774794
0.00883686510734201
0.00889747942669898
0.00985750950592497
0.0102374409974552
0.0092831022444295
0.00909552221877758
0.00867871204094636
0.00918991882460877
0.00883530157893559
0.00929687212816758
0.00987312633474182
0.00961534601382884
0.00886164511072343
0.00906038755844082
0.00973027166034123
0.0098154982335402
0.00944780277017552
0.01022017175017
0.00936190029948908
0.00951156891722192
0.00931200511519113
0.0093631089748942
0.00895137333207242
0.00926776272074817
0.0103014574436279
0.00821047766503974
0.00890936363940587
0.0100802370176537
0.0090380415716141
0.00957747734283343
0.00953990723630317
0.0100669358779943
0.00950233818510757
0.00903936685842168
0.00894729747600136
0.0100061954693104
0.00956270981624429
0.00929798206215481
0.00977561509634767
0.0103142427538756
0.0100017970420644
0.00982384407568294
0.0094814720255749
0.00850927509071807
0.00921372747488195
0.00949329921065598
0.0094756378663232
0.00940492711576312
0.00958329865752021
0.00981383775600282
0.00996173953257778
0.0098293490031704
0.00931179530250419
0.00983967208138163
0.00880256272952512
0.00973125223501049
0.00825959139938665
0.00892052670523972
0.00956189165343366
0.00840080561520798
0.00994105472253109
0.00991285549362312
0.00933979510486524
0.00940723954293939
0.00912692899913489
0.00862131273400226
0.0097790823643997
0.00889006462302204
0.00916977471428772
0.0092771718694696
0.00927383559346961
0.00920539414482001
0.00954770883215886
0.0089833226164443
0.00911505024855013
0.0102373273640123
0.00937910112843879
0.00936030893438617
0.00815303437947077
0.00968843805660155
0.00902589529661115
0.00950188117527307
0.0101770840080879
0.00953091440615477
0.00931161947973027
0.00935091459182012
0.00901587292681035
0.00884998112491451
0.00932863359962497
0.00927354374850557
0.00927354738080888
0.00979823304629574
0.00957176846370037
0.00960570310848894
0.00934131209198904
0.00939438314510027
0.0098950266691588
0.00913850799641248
0.0090703893066028
0.00930490360522531
0.00847877053445787
0.00933668678643455
0.00943083436502293
0.00873714728504097
0.00951186965651527
0.00923301552148624
0.010046122624163
0.00923838663730293
0.00960484175604319
0.00915142084355662
0.00901211120485829
0.00993294246243907
0.00897838979303611
0.00926583119619618
0.00997246776851635
0.00873291629198245
0.00947372461073008
0.0102639270412504
0.00970986218208449
0.0109035868252136
0.00889563001173625
0.00979576546864485
0.00941739894314367
